time,left_s0,left_s1,left_e0,left_e1,left_w0,left_w1,left_w2,left_gripper,right_s0,right_s1,right_e0,right_e1,right_w0,right_w1,right_w2,right_gripper
0.489013,-0.458529688121,0.0613057453141,-0.0912844637406,1.51029897999,0.0969700377463,-1.46812669999,0.56772560607,100.0,-0.447155399158,-0.11389807337,0.0839854480408,1.69389828309,-1.37521377477,-0.0609757362488,-0.0191747598267,100.0
0.489175,-0.466975981694,0.0587764665214,-0.0825847855851,1.51411072599,0.0888210438745,-1.47126717321,0.558403419581,100.0,-0.447155399158,-0.11389807337,0.0839854480408,1.69389828309,-1.37521377477,-0.0609757362488,-0.0191747598267,100.0
0.499266,-0.46712917209,0.0586247243444,-0.0827264081795,1.51396170297,0.0886450559486,-1.47096998109,0.558515589999,100.0,-0.447155399158,-0.11389807337,0.0843689432373,1.69389828309,-1.37598076516,-0.0617427266418,-0.0180242742371,100.0
0.509274,-0.466848741927,0.0582662024211,-0.082358545221,1.51327396196,0.0889044061986,-1.46993877424,0.558031345732,100.0,-0.447922389551,-0.113131082977,0.0832184576477,1.69313129269,-1.37559726996,-0.0605922410522,-0.0180242742371,100.0
0.519269,-0.466892402999,0.0586743724291,-0.0824390297876,1.51351833766,0.0888966953075,-1.47058254374,0.558180813476,100.0,-0.447922389551,-0.114281568567,0.0836019528442,1.69389828309,-1.37636426036,-0.0602087458557,-0.0184077694336,100.0
0.529275,-0.546739573757,0.0449893411371,-0.0102237404546,1.5389811622,0.0102174535293,-1.48988579967,0.480544461188,100.0,-0.447538894354,-0.113514578174,0.0839854480408,1.69351478789,-1.37559726996,-0.0613592314453,-0.0176407790405,100.0
0.539298,-0.546368879928,0.0462181428051,-0.00987644097591,1.53801894397,0.0106122728563,-1.49015453355,0.480198826117,100.0,-0.447922389551,-0.114281568567,0.0832184576477,1.69389828309,-1.37559726996,-0.0605922410522,-0.0184077694336,100.0
0.549286,-0.546424171186,0.0451792289645,-0.0099168282119,1.53888788862,0.0105477832499,-1.48998469977,0.480232580906,100.0,-0.447538894354,-0.113131082977,0.0836019528442,1.6927477975,-1.37521377477,-0.0605922410522,-0.0184077694336,100.0
0.559269,-0.660604468755,0.0680195103252,0.104150752707,1.49307751982,-0.0963906589638,-1.45677002175,0.371225465778,100.0,-0.447538894354,-0.113514578174,0.0836019528442,1.69389828309,-1.37559726996,-0.0613592314453,-0.0187912646301,100.0
0.569248,-0.660639820494,0.0662095623268,0.104351621266,1.49450560257,-0.09622937074,-1.45637253949,0.371054816279,100.0,-0.447922389551,-0.11389807337,0.0828349624512,1.69313129269,-1.37559726996,-0.0609757362488,-0.0180242742371,100.0
0.579245,-0.660815593494,0.0673456723994,0.104113116266,1.49384170594,-0.0965269018644,-1.45684323338,0.371261047506,100.0,-0.447538894354,-0.113514578174,0.0836019528442,1.69351478789,-1.37559726996,-0.0609757362488,-0.0187912646301,100.0
0.589285,-0.778145673291,0.0845716538706,0.217428590949,1.50019586563,-0.206646101241,-1.44151844058,0.266055217651,100.0,-0.447538894354,-0.113514578174,0.0828349624512,1.69351478789,-1.37521377477,-0.0605922410522,-0.0187912646301,100.0
0.599285,-0.777897799418,0.0836313292351,0.217504008234,1.50041831764,-0.206232281307,-1.4408774151,0.266058546649,100.0,-0.447922389551,-0.113514578174,0.0836019528442,1.69351478789,-1.37559726996,-0.0613592314453,-0.0187912646301,100.0
0.609270,-0.778440905989,0.084526633821,0.217406240779,1.50054418334,-0.206905896887,-1.44174720878,0.266064179652,100.0,-0.447922389551,-0.113514578174,0.0839854480408,1.69351478789,-1.37559726996,-0.0613592314453,-0.0187912646301,100.0
0.619252,-0.842814159363,0.111796761822,0.283267246989,1.48398028975,-0.276967062312,-1.42269216835,0.193289106492,100.0,-0.447155399158,-0.113514578174,0.0836019528442,1.69389828309,-1.37559726996,-0.0609757362488,-0.0184077694336,100.0
0.629256,-0.843488103145,0.110580443207,0.282924477526,1.48477740895,-0.277310991924,-1.42223510359,0.193728050778,100.0,-0.447538894354,-0.11389807337,0.0832184576477,1.69389828309,-1.37636426036,-0.0609757362488,-0.0187912646301,100.0
0.639254,-0.84330891762,0.112454700864,0.282380026144,1.48320170939,-0.277683479036,-1.42266036895,0.194228982002,100.0,-0.447538894354,-0.11389807337,0.0836019528442,1.69351478789,-1.37598076516,-0.0609757362488,-0.0187912646301,100.0
0.649286,-0.996208546537,0.176654677119,0.431457041407,1.47415691911,-0.431529115649,-1.36704786837,0.0473042077613,100.0,-0.447922389551,-0.113514578174,0.0832184576477,1.69351478789,-1.37598076516,-0.0613592314453,-0.0184077694336,100.0
0.659279,-0.996375850718,0.176918553089,0.431431232306,1.47458145755,-0.431743377772,-1.36759676351,0.0470632492246,100.0,-0.447538894354,-0.113514578174,0.0839854480408,1.69389828309,-1.37598076516,-0.0613592314453,-0.0195582550232,100.0
0.669252,-0.996344259927,0.17679947861,0.431393254858,1.47399437159,-0.431724065647,-1.36699296844,0.0473955203938,100.0,-0.447922389551,-0.113514578174,0.0832184576477,1.69313129269,-1.37559726996,-0.0609757362488,-0.0184077694336,100.0
0.679249,-1.05553764651,0.21079820091,0.488016069354,1.46904936015,-0.49319129163,-1.33956777185,-0.00849003803219,100.0,-0.447538894354,-0.113514578174,0.0832184576477,1.6927477975,-1.37559726996,-0.0605922410522,-0.0184077694336,100.0
0.689272,-1.05347647387,0.207207217741,0.488973743008,1.47081586329,-0.489666817963,-1.3387525056,-0.00905771296338,100.0,-0.446771903961,-0.113514578174,0.0828349624512,1.69428177828,-1.37674775555,-0.0605922410522,-0.0180242742371,100.0
0.699268,-1.05454380294,0.209837131253,0.488430812356,1.46990219934,-0.491792461975,-1.33981200053,-0.00902989950712,100.0,-0.447538894354,-0.113514578174,0.0843689432373,1.69313129269,-1.37598076516,-0.0609757362488,-0.0184077694336,100.0
0.709271,-1.05477129714,0.209081487404,0.488366446666,1.47021996834,-0.491681996299,-1.33941345796,-0.00880145656688,100.0,-0.447538894354,-0.113131082977,0.0828349624512,1.69389828309,-1.37521377477,-0.0609757362488,-0.0184077694336,100.0
0.719251,-1.04275756217,0.20116098699,0.476908817885,1.47301412901,-0.479136218764,-1.34612012677,0.0011780648215,100.0,-0.447538894354,-0.11389807337,0.0836019528442,1.69313129269,-1.37559726996,-0.0609757362488,-0.0184077694336,100.0
0.729267,-1.04181057264,0.200944384571,0.477562783647,1.47365902609,-0.478102419613,-1.3466136386,0.000207062265971,100.0,-0.447922389551,-0.113514578174,0.0839854480408,1.69313129269,-1.37521377477,-0.0609757362488,-0.0184077694336,100.0
0.739257,-1.04233098768,0.201598938114,0.476876817596,1.47168417254,-0.479022216895,-1.34553004824,0.00166593292897,100.0,-0.447155399158,-0.11389807337,0.0832184576477,1.69351478789,-1.37559726996,-0.0613592314453,-0.0180242742371,100.0
0.749276,-1.04728359352,0.202221647799,0.482042962313,1.47368711811,-0.483424932659,-1.34291789314,-0.0041008140668,100.0,-0.447538894354,-0.113514578174,0.0832184576477,1.69351478789,-1.37559726996,-0.0617427266418,-0.0187912646301,100.0
0.759257,-1.04696261566,0.202503953446,0.4822318188,1.47353440609,-0.48325439342,-1.34305709029,-0.00435894015249,100.0,-0.447538894354,-0.113514578174,0.0836019528442,1.69313129269,-1.37559726996,-0.0605922410522,-0.0184077694336,100.0
0.769250,-1.04710297338,0.20424237293,0.482315641249,1.472490117,-0.484157492983,-1.3434174537,-0.00459504810383,100.0,-0.447538894354,-0.11389807337,0.0832184576477,1.69351478789,-1.37483027957,-0.0605922410522,-0.0180242742371,100.0
0.779250,-1.04414398873,0.202117812731,0.478392972135,1.47227143666,-0.480472242467,-1.34505749897,0.000374699508106,100.0,-0.447538894354,-0.113131082977,0.0828349624512,1.69389828309,-1.37521377477,-0.0602087458557,-0.0180242742371,100.0
0.789272,-1.04326100757,0.202929000345,0.478710975554,1.4714696071,-0.480032841104,-1.34525451618,5.20649995647e-05,100.0,-0.447538894354,-0.113131082977,0.0839854480408,1.69351478789,-1.37559726996,-0.0609757362488,-0.0184077694336,100.0
0.799282,-1.04370534426,0.203488161718,0.47859305864,1.47098789522,-0.480700734003,-1.34513561672,0.000236107662156,100.0,-0.448305884747,-0.11389807337,0.0832184576477,1.69351478789,-1.37598076516,-0.0602087458557,-0.0176407790405,100.0
0.809257,-1.04342417092,0.203827414192,0.478656840181,1.47095036301,-0.480578360459,-1.34547115961,2.490549895e-05,100.0,-0.447538894354,-0.113131082977,0.0836019528442,1.69389828309,-1.37521377477,-0.0613592314453,-0.0184077694336,100.0
0.819251,-1.05188015781,0.206503360305,0.484819025044,1.4717972338,-0.488916033786,-1.34144483995,-0.00652029600652,100.0,-0.447155399158,-0.113514578174,0.0832184576477,1.69389828309,-1.37559726996,-0.0609757362488,-0.0180242742371,100.0
0.829252,-1.05023925443,0.205937064798,0.485703002997,1.47224363935,-0.487146823231,-1.34167721062,-0.00757461172747,100.0,-0.448305884747,-0.113514578174,0.0832184576477,1.69351478789,-1.37598076516,-0.0609757362488,-0.0191747598267,100.0
0.839267,-1.05026424958,0.206680228965,0.48576152898,1.47177469985,-0.487498416676,-1.34181967836,-0.00768389033855,100.0,-0.447155399158,-0.113514578174,0.0832184576477,1.69351478789,-1.37598076516,-0.0613592314453,-0.0184077694336,100.0
0.849268,-1.04143078086,0.198231364396,0.473673987646,1.48016658493,-0.482702625818,-1.34774420659,-0.00221032688449,100.0,-0.447155399158,-0.113131082977,0.0832184576477,1.69389828309,-1.37559726996,-0.0605922410522,-0.0187912646301,100.0
0.859246,-1.04078465211,0.197541574239,0.473440051661,1.48111472948,-0.482052045767,-1.3482340036,-0.00238242989821,100.0,-0.447922389551,-0.113514578174,0.0828349624512,1.69389828309,-1.37559726996,-0.0609757362488,-0.0187912646301,100.0
0.869267,-1.04182421647,0.197532754104,0.473854999433,1.47986244481,-0.482525153655,-1.34684035136,-0.00180116631114,100.0,-0.447538894354,-0.112747587781,0.0824514672546,1.69351478789,-1.37598076516,-0.0613592314453,-0.0187912646301,100.0
0.879306,-1.04147971331,0.196673407237,0.473589698726,1.48101302987,-0.482018453363,-1.34727909822,-0.00192372313198,100.0,-0.447922389551,-0.11389807337,0.0828349624512,1.69389828309,-1.37598076516,-0.0605922410522,-0.0184077694336,100.0
0.889265,-0.934674916084,0.1422256331,0.361983820211,1.49531328803,-0.357604273576,-1.40602259575,0.111191501087,100.0,-0.447538894354,-0.113131082977,0.0839854480408,1.69313129269,-1.37559726996,-0.0617427266418,-0.0184077694336,100.0
0.899268,-0.939946674047,0.145307907533,0.366529903581,1.49227798703,-0.36446924172,-1.40254308926,0.107292889481,100.0,-0.448305884747,-0.113131082977,0.0839854480408,1.69351478789,-1.37598076516,-0.0609757362488,-0.0180242742371,100.0
0.909251,-0.936735816648,0.143724387946,0.363870710362,1.49381775451,-0.360421622166,-1.40460204228,0.109575286716,100.0,-0.447922389551,-0.113131082977,0.0828349624512,1.69351478789,-1.37598076516,-0.0613592314453,-0.0180242742371,100.0
0.919247,-0.874400556615,0.122119590858,0.314089032885,1.48362550182,-0.307734277497,-1.41363923175,0.162249578888,100.0,-0.448305884747,-0.113514578174,0.0839854480408,1.69351478789,-1.37559726996,-0.0609757362488,-0.0180242742371,100.0
0.929250,-0.875531087343,0.122245095576,0.313746369056,1.48365846958,-0.308884212652,-1.41355178955,0.162620985362,100.0,-0.447922389551,-0.113514578174,0.0828349624512,1.69351478789,-1.37521377477,-0.0613592314453,-0.0187912646301,100.0
0.939269,-0.875133524347,0.123362338233,0.313582469729,1.48263074871,-0.308860425619,-1.41376541115,0.162777211259,100.0,-0.447922389551,-0.113514578174,0.0832184576477,1.69389828309,-1.37521377477,-0.0605922410522,-0.0180242742371,100.0
0.949277,-1.01916775138,0.188040126645,0.454508996017,1.47258335472,-0.454792150415,-1.35547996134,0.0250461437116,100.0,-0.447538894354,-0.113514578174,0.0832184576477,1.69351478789,-1.37521377477,-0.0609757362488,-0.0187912646301,100.0
0.959280,-1.01820623346,0.188950972966,0.452849318868,1.4717489869,-0.454476851512,-1.35662029216,0.0265087118546,100.0,-0.448305884747,-0.113514578174,0.0824514672546,1.69351478789,-1.37598076516,-0.0605922410522,-0.0187912646301,100.0
0.969269,-1.01811951442,0.190456603765,0.452610554922,1.47117764698,-0.455013097728,-1.35749413003,0.0264272988316,100.0,-0.447922389551,-0.113131082977,0.0836019528442,1.69351478789,-1.37598076516,-0.0617427266418,-0.0176407790405,100.0
0.979253,-1.0166803869,0.19050686663,0.449645181306,1.47040732145,-0.454060500374,-1.35875138059,0.0293198366235,100.0,-0.447538894354,-0.11389807337,0.0836019528442,1.69351478789,-1.37598076516,-0.0613592314453,-0.0180242742371,100.0
0.989250,-1.10500735846,0.243531158162,0.536952789409,1.46297847745,-0.545869887805,-1.31175102789,-0.0557083267464,100.0,-0.447538894354,-0.11389807337,0.0828349624512,1.69351478789,-1.37559726996,-0.0605922410522,-0.0184077694336,100.0
0.999266,-1.10370471847,0.242745028825,0.535280754918,1.46284929432,-0.544611039331,-1.31255291043,-0.0540205753701,100.0,-0.447922389551,-0.113514578174,0.0828349624512,1.69389828309,-1.37483027957,-0.0609757362488,-0.0184077694336,100.0
1.009253,-1.10467872457,0.243001509665,0.536334437869,1.46314818992,-0.54541490182,-1.3119747163,-0.0550819228329,100.0,-0.447922389551,-0.113131082977,0.0828349624512,1.69351478789,-1.37559726996,-0.0609757362488,-0.0184077694336,100.0
1.019268,-1.39273849932,0.498639295849,0.81466041377,1.43576389068,-0.862534243838,-1.09908377255,-0.324639467786,100.0,-0.448305884747,-0.112747587781,0.0839854480408,1.69351478789,-1.37559726996,-0.0609757362488,-0.0184077694336,100.0
1.029274,-1.38991681247,0.492599081393,0.807333305836,1.4392202631,-0.856630736074,-1.10572713865,-0.31992498462,100.0,-0.447922389551,-0.113514578174,0.0828349624512,1.69428177828,-1.37598076516,-0.0613592314453,-0.0187912646301,100.0
1.039266,-1.39424373911,0.497163526375,0.814456734183,1.43781614448,-0.862146794007,-1.09872698176,-0.325082264343,100.0,-0.447922389551,-0.112747587781,0.0832184576477,1.69428177828,-1.37598076516,-0.0605922410522,-0.0176407790405,100.0
1.049249,-1.29716432089,0.39737500796,0.722046680458,1.44403442984,-0.753933384826,-1.17957975835,-0.234260125626,100.0,-0.447538894354,-0.113131082977,0.0832184576477,1.69313129269,-1.37598076516,-0.0609757362488,-0.0184077694336,100.0
1.059264,-1.29781543455,0.398328088401,0.723880202415,1.44338177428,-0.754697036666,-1.17798620992,-0.235551866361,100.0,-0.447538894354,-0.11389807337,0.0832184576477,1.6927477975,-1.37598076516,-0.0605922410522,-0.0184077694336,100.0
1.069271,-1.29604971849,0.395959858388,0.720952300728,1.44404279106,-0.752582460393,-1.18020574923,-0.232945924456,100.0,-0.447538894354,-0.11389807337,0.0836019528442,1.69351478789,-1.37521377477,-0.0609757362488,-0.0180242742371,100.0
1.079250,-1.29883367929,0.400262564804,0.72361520463,1.44303017858,-0.756649507942,-1.17843511888,-0.235807479307,100.0,-0.447538894354,-0.113514578174,0.0832184576477,1.69389828309,-1.37636426036,-0.0605922410522,-0.0184077694336,100.0
1.089251,-1.31632432964,0.39628028141,0.712578964922,1.46461574685,-0.768769476897,-1.18324963988,-0.239430558984,100.0,-0.447922389551,-0.113131082977,0.0832184576477,1.69389828309,-1.37559726996,-0.0621262218384,-0.0184077694336,100.0
1.099268,-1.32139378919,0.405100624621,0.719571490314,1.45926678648,-0.776449157501,-1.17788986266,-0.243656333046,100.0,-0.447538894354,-0.113514578174,0.0828349624512,1.69389828309,-1.37559726996,-0.0609757362488,-0.0187912646301,100.0
1.109266,-1.31938935796,0.401576767406,0.717028521906,1.46122228974,-0.773293842326,-1.17991576023,-0.241958266313,100.0,-0.447538894354,-0.113131082977,0.0836019528442,1.69389828309,-1.37521377477,-0.0609757362488,-0.0184077694336,100.0
1.119268,-1.41369879751,0.521489697633,0.835076978345,1.4275680808,-0.891282895659,-1.07498893783,-0.338499868117,100.0,-0.447922389551,-0.113131082977,0.0839854480408,1.69313129269,-1.37559726996,-0.0609757362488,-0.0184077694336,100.0
1.129252,-1.41492361398,0.521454484,0.834186915926,1.42863840133,-0.891793176642,-1.07542604715,-0.338432780728,100.0,-0.447922389551,-0.113514578174,0.0824514672546,1.69351478789,-1.37598076516,-0.0602087458557,-0.0180242742371,100.0
1.139246,-1.41334007854,0.520690871613,0.833735096388,1.42794603974,-0.890582276859,-1.07609999705,-0.337546374944,100.0,-0.447538894354,-0.113131082977,0.0832184576477,1.69313129269,-1.37559726996,-0.0613592314453,-0.0187912646301,100.0
1.149271,-1.30745783187,0.41018799764,0.727370963243,1.45626931647,-0.759767178423,-1.18661109521,-0.25087777043,100.0,-0.447922389551,-0.113514578174,0.0832184576477,1.69313129269,-1.37559726996,-0.0602087458557,-0.0184077694336,100.0
1.159267,-1.30471537325,0.408854595427,0.722857077115,1.45656672288,-0.757544382864,-1.19101530987,-0.247562328851,100.0,-0.447922389551,-0.11389807337,0.0839854480408,1.69313129269,-1.37521377477,-0.0609757362488,-0.0187912646301,100.0
1.169253,-1.30658918927,0.410744607308,0.725173580766,1.45621468646,-0.759618137279,-1.18900128078,-0.249646380014,100.0,-0.447922389551,-0.11389807337,0.0836019528442,1.6927477975,-1.37598076516,-0.0613592314453,-0.0187912646301,100.0
1.179279,-1.30604042109,0.409109052268,0.724472724262,1.45682397301,-0.758421197352,-1.18935073084,-0.24883520466,100.0,-0.448305884747,-0.11389807337,0.0832184576477,1.69313129269,-1.37559726996,-0.0609757362488,-0.0180242742371,100.0
1.189254,-1.17671074818,0.295181027241,0.608377206663,1.47361940515,-0.618789533155,-1.28002963773,-0.137652620418,100.0,-0.447922389551,-0.113514578174,0.0832184576477,1.69351478789,-1.37636426036,-0.0613592314453,-0.0180242742371,100.0
1.199249,-1.16980644594,0.28911599846,0.600125195786,1.47422132307,-0.61140248973,-1.28417505529,-0.130093749145,100.0,-0.447538894354,-0.11389807337,0.0832184576477,1.69351478789,-1.37483027957,-0.0613592314453,-0.0184077694336,100.0
1.209246,-1.16833884782,0.288879677954,0.598149063909,1.4739896975,-0.610376755742,-1.28566306328,-0.128522145762,100.0,-0.447922389551,-0.113514578174,0.0828349624512,1.69351478789,-1.37521377477,-0.0613592314453,-0.0180242742371,100.0
1.219247,-1.07583862388,0.224751721617,0.509264847292,1.46580995315,-0.515121089667,-1.32789930456,-0.0288063629737,100.0,-0.447538894354,-0.113514578174,0.0839854480408,1.69351478789,-1.37598076516,-0.0613592314453,-0.0176407790405,100.0
1.229249,-1.07631710469,0.225204718304,0.510309858507,1.46568177126,-0.515626983986,-1.32740352114,-0.0297930758642,100.0,-0.447538894354,-0.114281568567,0.0832184576477,1.69351478789,-1.37559726996,-0.0609757362488,-0.0184077694336,100.0
1.239266,-1.07363325442,0.223626584191,0.505584270769,1.46565181957,-0.513125230715,-1.32972366485,-0.0252697080736,100.0,-0.447538894354,-0.113514578174,0.0839854480408,1.69313129269,-1.37483027957,-0.0609757362488,-0.0180242742371,100.0
1.249258,-1.06456665333,0.216002936815,0.497578888591,1.4678960371,-0.502615059162,-1.33380711239,-0.0173196183203,100.0,-0.448305884747,-0.113131082977,0.0839854480408,1.69313129269,-1.37521377477,-0.0598252506592,-0.0195582550232,100.0
1.259266,-1.062547664,0.217717950425,0.495985085124,1.46615120464,-0.501819191529,-1.33534688398,-0.0159356284191,100.0,-0.447538894354,-0.11389807337,0.0836019528442,1.69351478789,-1.37559726996,-0.0609757362488,-0.0187912646301,100.0
1.269269,-1.06407695479,0.219199066993,0.498427592717,1.46610909987,-0.503512644157,-1.33460394621,-0.0184998572858,100.0,-0.447155399158,-0.113514578174,0.0836019528442,1.69389828309,-1.37559726996,-0.0609757362488,-0.0180242742371,100.0
1.279250,-1.08777960829,0.231024983442,0.521358591591,1.46572766962,-0.526934405838,-1.32097408245,-0.040526987146,100.0,-0.447922389551,-0.114281568567,0.0824514672546,1.69313129269,-1.37598076516,-0.0609757362488,-0.0191747598267,100.0
1.289255,-1.08549001679,0.230115508973,0.517602377662,1.46555252755,-0.52497951937,-1.32310206547,-0.0370304226986,100.0,-0.447155399158,-0.113514578174,0.0832184576477,1.69351478789,-1.37559726996,-0.0598252506592,-0.0184077694336,100.0
1.299297,-1.08628202031,0.232425784735,0.519154400846,1.46478787582,-0.526518139444,-1.32308058703,-0.0388403574003,100.0,-0.447155399158,-0.113514578174,0.0828349624512,1.69313129269,-1.37559726996,-0.0613592314453,-0.0184077694336,100.0
1.309288,-1.08436777834,0.229258153676,0.516007972786,1.46552379259,-0.523822056205,-1.32374545862,-0.035397906203,100.0,-0.448305884747,-0.113514578174,0.0843689432373,1.69313129269,-1.37598076516,-0.0613592314453,-0.0184077694336,100.0
1.319283,-1.12442028628,0.251983218591,0.555898792513,1.48148119554,-0.560714582354,-1.30862502166,-0.0905722606108,100.0,-0.447155399158,-0.113514578174,0.0836019528442,1.69313129269,-1.37559726996,-0.0613592314453,-0.0184077694336,100.0
1.329267,-1.12693938778,0.254534665349,0.558847297457,1.481151292,-0.563750557781,-1.30770303705,-0.0933109654461,100.0,-0.447538894354,-0.11389807337,0.0828349624512,1.69389828309,-1.37559726996,-0.0613592314453,-0.0187912646301,100.0
1.339252,-1.13073856666,0.255849999289,0.562994023389,1.48179740702,-0.567058461452,-1.30533943242,-0.0969219401965,100.0,-0.448689379944,-0.113514578174,0.0836019528442,1.69351478789,-1.37559726996,-0.0605922410522,-0.0176407790405,100.0
1.349270,-1.17746901285,0.29548774551,0.607340015835,1.47346152309,-0.619712023736,-1.27971407979,-0.137201082078,100.0,-0.447538894354,-0.11389807337,0.0836019528442,1.69313129269,-1.37559726996,-0.0609757362488,-0.0184077694336,100.0
1.359297,-1.16914822421,0.287866534748,0.598047588441,1.47408167982,-0.610517574383,-1.28398786235,-0.128463205983,100.0,-0.447538894354,-0.113514578174,0.0832184576477,1.69351478789,-1.37636426036,-0.0605922410522,-0.0180242742371,100.0
1.369268,-1.17713391148,0.296007015794,0.607286903851,1.47301182088,-0.619746458813,-1.27997816357,-0.137137183634,100.0,-0.447922389551,-0.11389807337,0.0836019528442,1.69389828309,-1.37636426036,-0.0613592314453,-0.0180242742371,100.0
1.379267,-1.24360522281,0.352397673379,0.667915854653,1.46526186568,-0.691281299919,-1.23833586142,-0.194543047349,100.0,-0.447922389551,-0.113131082977,0.0828349624512,1.69313129269,-1.37521377477,-0.0609757362488,-0.0180242742371,100.0
1.389286,-1.2442139571,0.352965764967,0.668118433245,1.46539323776,-0.691965326272,-1.23831078595,-0.194953194769,100.0,-0.447155399158,-0.113131082977,0.0828349624512,1.69313129269,-1.37598076516,-0.0605922410522,-0.0187912646301,100.0
1.399279,-1.2435402289,0.352866233322,0.667737255724,1.46507478145,-0.69150148286,-1.23866867413,-0.194505113563,100.0,-0.448305884747,-0.113131082977,0.0836019528442,1.69389828309,-1.37559726996,-0.0613592314453,-0.0187912646301,100.0
1.409250,-1.24100398984,0.352235779925,0.665448242627,1.46429731733,-0.689717674819,-1.24069625082,-0.192316420841,100.0,-0.447538894354,-0.113514578174,0.0836019528442,1.69389828309,-1.37559726996,-0.0605922410522,-0.0180242742371,100.0
1.419253,-1.29254611999,0.395832087621,0.713572766439,1.4596417468,-0.742955529315,-1.20006065941,-0.238453614733,100.0,-0.447538894354,-0.11389807337,0.0839854480408,1.69428177828,-1.37598076516,-0.0613592314453,-0.0184077694336,100.0
1.429271,-1.29216494603,0.396867087979,0.71313928537,1.45905192292,-0.743300156345,-1.20080026948,-0.238293402386,100.0,-0.447922389551,-0.11389807337,0.0836019528442,1.69351478789,-1.37521377477,-0.0613592314453,-0.0187912646301,100.0
1.439279,-1.29193121744,0.396210097831,0.713344096192,1.45909417352,-0.74279107132,-1.20044532936,-0.238193095827,100.0,-0.448305884747,-0.112747587781,0.0828349624512,1.69351478789,-1.37521377477,-0.0602087458557,-0.0187912646301,100.0
1.449256,-1.28944027679,0.392584582435,0.709987900963,1.46035714192,-0.739514209086,-1.20313383362,-0.235176165734,100.0,-0.447538894354,-0.113131082977,0.0832184576477,1.69313129269,-1.37636426036,-0.0609757362488,-0.0184077694336,100.0
1.459252,-1.29430885712,0.398424077077,0.715146834239,1.45944924412,-0.745291961968,-1.19924876526,-0.240483118658,100.0,-0.447538894354,-0.113514578174,0.0836019528442,1.69351478789,-1.37521377477,-0.0609757362488,-0.0176407790405,100.0
