time,left_s0,left_s1,left_e0,left_e1,left_w0,left_w1,left_w2
0.000000,-0.330000,0.140000,-0.150000,1.070000,0.530000,-1.090000,-0.002000
0.010050,-0.331112,0.136791,-0.151469,1.074559,0.527983,-1.090377,0.000739
0.020101,-0.331760,0.134208,-0.152486,1.078586,0.526522,-1.091078,0.002902
0.030151,-0.332111,0.132110,-0.153193,1.082099,0.525456,-1.091920,0.004619
0.040201,-0.332274,0.130402,-0.153683,1.085121,0.524677,-1.092789,0.005981
0.050251,-0.332317,0.129016,-0.154018,1.087677,0.524112,-1.093617,0.007054
0.060302,-0.332289,0.127902,-0.154242,1.089796,0.523709,-1.094360,0.007886
0.070352,-0.332220,0.127021,-0.154384,1.091506,0.523430,-1.094996,0.008513
0.080402,-0.332134,0.126345,-0.154467,1.092832,0.523249,-1.095508,0.008966
0.090452,-0.332048,0.125849,-0.154509,1.093799,0.523141,-1.095888,0.009269
0.100503,-0.331978,0.125521,-0.154524,1.094427,0.523088,-1.096136,0.009445
0.110553,-0.331935,0.125353,-0.154525,1.094735,0.523071,-1.096254,0.009520
0.120603,-0.331660,0.124086,-0.154540,1.096733,0.522976,-1.096859,0.009924
0.130653,-0.331429,0.122929,-0.154561,1.098468,0.522889,-1.097330,0.010258
0.140704,-0.331242,0.121844,-0.154595,1.099977,0.522805,-1.097663,0.010529
0.150754,-0.331104,0.120797,-0.154647,1.101296,0.522714,-1.097854,0.010748
0.160804,-0.331015,0.119766,-0.154725,1.102448,0.522610,-1.097903,0.010923
0.170854,-0.330976,0.118747,-0.154828,1.103451,0.522489,-1.097819,0.011064
0.180905,-0.330989,0.117735,-0.154963,1.104318,0.522345,-1.097609,0.011181
0.190955,-0.331050,0.116753,-0.155121,1.105049,0.522180,-1.097295,0.011276
0.201005,-0.331147,0.115843,-0.155293,1.105635,0.522007,-1.096912,0.011352
0.211055,-0.331262,0.115081,-0.155459,1.106060,0.521842,-1.096523,0.011412
0.221106,-0.331355,0.114595,-0.155576,1.106292,0.521725,-1.096237,0.011446
0.231156,-0.330859,0.112788,-0.155339,1.107343,0.522150,-1.095660,0.010744
0.241206,-0.330765,0.110707,-0.155461,1.108589,0.522117,-1.094835,0.010497
0.251256,-0.330963,0.108393,-0.155847,1.110000,0.521744,-1.093818,0.010582
0.261307,-0.331385,0.105884,-0.156437,1.111540,0.521112,-1.092640,0.010917
0.271357,-0.331982,0.103223,-0.157186,1.113159,0.520276,-1.091318,0.011439
0.281407,-0.332721,0.100463,-0.158057,1.114802,0.519283,-1.089869,0.012097
0.291457,-0.333567,0.097677,-0.159015,1.116403,0.518180,-1.088320,0.012845
0.301508,-0.334478,0.094968,-0.160012,1.117886,0.517021,-1.086717,0.013631
0.311558,-0.335389,0.092485,-0.160980,1.119161,0.515891,-1.085149,0.014391
0.321608,-0.336200,0.090444,-0.161820,1.120129,0.514908,-1.083771,0.015042
0.331658,-0.336744,0.089175,-0.162369,1.120676,0.514265,-1.082853,0.015458
0.341709,-0.339266,0.082065,-0.165135,1.125321,0.510802,-1.079244,0.018195
0.351759,-0.341480,0.075810,-0.167569,1.129377,0.507723,-1.076052,0.020617
0.361809,-0.343545,0.070160,-0.169805,1.132829,0.504887,-1.072973,0.022778
0.371859,-0.345552,0.064971,-0.171922,1.135664,0.502212,-1.069826,0.024709
0.381910,-0.347547,0.060162,-0.173957,1.137881,0.499659,-1.066520,0.026423
0.391960,-0.349543,0.055695,-0.175921,1.139498,0.497215,-1.063030,0.027931
0.402010,-0.351526,0.051570,-0.177808,1.140560,0.494888,-1.059398,0.029240
0.412060,-0.353455,0.047827,-0.179586,1.141146,0.492709,-1.055741,0.030366
0.422111,-0.355248,0.044564,-0.181198,1.141375,0.490738,-1.052279,0.031323
0.432161,-0.356766,0.041968,-0.182534,1.141399,0.489096,-1.049361,0.032105
0.442211,-0.357757,0.040378,-0.183395,1.141370,0.488025,-1.047517,0.032636
0.452261,-0.366632,0.030932,-0.189408,1.132903,0.480349,-1.028809,0.033762
0.462312,-0.375593,0.021614,-0.195489,1.125518,0.472106,-1.011146,0.036016
0.472362,-0.385185,0.011892,-0.202178,1.120257,0.462289,-0.994773,0.040550
0.482412,-0.395366,0.001944,-0.209492,1.117835,0.450626,-0.980545,0.047869
0.492462,-0.405674,-0.007691,-0.217082,1.118419,0.437562,-0.969319,0.057673
0.502513,-0.415518,-0.016522,-0.224484,1.121575,0.423990,-0.961389,0.069030
0.512563,-0.424439,-0.024278,-0.231308,1.126464,0.410838,-0.956404,0.080801
0.522613,-0.432140,-0.030838,-0.237286,1.132091,0.398904,-0.953633,0.091937
0.532663,-0.438422,-0.036121,-0.242210,1.137463,0.388843,-0.952253,0.101543
0.542714,-0.443062,-0.039981,-0.245865,1.141677,0.381288,-0.951565,0.108820
0.552764,-0.445707,-0.042158,-0.247944,1.144009,0.376983,-0.951159,0.112950
0.562814,-0.466476,-0.069462,-0.264239,1.167892,0.340578,-0.944280,0.145077
0.572864,-0.481201,-0.088933,-0.276356,1.194036,0.311722,-0.948691,0.172464
0.582915,-0.492772,-0.106845,-0.285222,1.221514,0.287253,-0.957114,0.194964
0.592965,-0.500973,-0.120641,-0.293389,1.246754,0.268081,-0.967489,0.214365
0.603015,-0.508183,-0.132874,-0.301079,1.270239,0.250880,-0.977986,0.231994
0.613065,-0.514245,-0.142868,-0.307111,1.290721,0.236573,-0.988164,0.246271
0.623116,-0.520495,-0.152407,-0.311566,1.308320,0.223204,-0.996568,0.257861
0.633166,-0.525362,-0.159039,-0.317447,1.322122,0.212155,-1.003591,0.269558
0.643216,-0.529554,-0.165169,-0.321761,1.332578,0.203022,-1.008110,0.278252
0.653266,-0.533320,-0.169251,-0.325000,1.339725,0.195674,-1.011513,0.284945
0.663317,-0.535663,-0.171220,-0.326634,1.342883,0.191542,-1.013003,0.288436
0.673367,-0.539150,-0.182354,-0.332024,1.373779,0.179310,-1.032756,0.301493
0.683417,-0.543566,-0.192939,-0.337780,1.399693,0.166780,-1.048489,0.313923
0.693467,-0.548676,-0.202583,-0.343683,1.421240,0.154229,-1.061147,0.325697
0.703518,-0.554299,-0.211104,-0.349579,1.438962,0.141853,-1.071399,0.336814
0.713568,-0.560280,-0.218446,-0.355343,1.453334,0.129806,-1.079730,0.347263
0.723618,-0.566455,-0.224606,-0.360873,1.464768,0.118251,-1.086493,0.357017
0.733668,-0.572637,-0.229619,-0.366055,1.473622,0.107386,-1.091942,0.365993
0.743719,-0.578586,-0.233537,-0.370755,1.480212,0.097476,-1.096252,0.374047
0.753769,-0.583973,-0.236411,-0.374794,1.484815,0.088906,-1.099531,0.380928
0.763819,-0.588339,-0.238286,-0.377913,1.487664,0.082232,-1.101800,0.386238
0.773869,-0.591012,-0.239198,-0.379741,1.488984,0.078284,-1.103013,0.389359
0.783920,-0.603910,-0.243107,-0.387542,1.494680,0.059929,-1.108936,0.403136
0.793970,-0.617283,-0.244450,-0.395426,1.495677,0.042230,-1.113023,0.416807
0.804020,-0.626952,-0.247586,-0.402224,1.499403,0.028164,-1.117153,0.427946
0.814070,-0.637234,-0.249358,-0.408778,1.500699,0.014201,-1.120544,0.438874
0.824121,-0.646560,-0.250466,-0.415226,1.501130,0.001600,-1.123504,0.449268
0.834171,-0.654487,-0.250820,-0.421964,1.501021,-0.009320,-1.126228,0.459433
0.844221,-0.662501,-0.251455,-0.425288,1.499693,-0.019025,-1.127594,0.465856
0.854271,-0.669896,-0.250868,-0.428434,1.498289,-0.027469,-1.129816,0.471798
0.864322,-0.675018,-0.249767,-0.431753,1.497392,-0.033435,-1.132138,0.477106
0.874372,-0.679886,-0.249968,-0.434403,1.496382,-0.039442,-1.133075,0.481671
0.884422,-0.683224,-0.249855,-0.434670,1.496127,-0.042824,-1.134337,0.483055
0.894472,-0.698205,-0.247085,-0.440077,1.489394,-0.058658,-1.136769,0.493958
0.904523,-0.709006,-0.243486,-0.446362,1.482185,-0.070189,-1.137918,0.504420
0.914573,-0.717279,-0.240449,-0.454510,1.478366,-0.079949,-1.141120,0.515882
0.924623,-0.728335,-0.235973,-0.459042,1.471811,-0.090380,-1.143980,0.524263
0.934673,-0.738088,-0.234027,-0.460066,1.463768,-0.099572,-1.142283,0.528926
0.944724,-0.742654,-0.231642,-0.467198,1.461522,-0.105319,-1.145011,0.537953
0.954774,-0.749858,-0.226723,-0.471236,1.454117,-0.111423,-1.145824,0.544584
0.964824,-0.757252,-0.225554,-0.473779,1.451885,-0.118844,-1.148457,0.549620
0.974874,-0.761260,-0.222017,-0.478327,1.446189,-0.122572,-1.148379,0.555841
0.984925,-0.769061,-0.222229,-0.475619,1.445552,-0.129292,-1.151010,0.555335
0.994975,-0.771177,-0.220993,-0.478016,1.445108,-0.131421,-1.152987,0.558361
1.005025,-0.786611,-0.212982,-0.483250,1.431435,-0.144123,-1.154723,0.568872
1.015075,-0.798690,-0.205929,-0.486953,1.419247,-0.153477,-1.155354,0.576713
1.025126,-0.809505,-0.199243,-0.489978,1.407912,-0.161496,-1.155858,0.583387
1.035176,-0.819222,-0.193351,-0.492545,1.398037,-0.168626,-1.156554,0.589173
1.045226,-0.827834,-0.187228,-0.495013,1.388953,-0.174444,-1.157690,0.594317
1.055276,-0.835707,-0.181782,-0.496904,1.380968,-0.179681,-1.158885,0.598582
1.065327,-0.843052,-0.176461,-0.499191,1.373845,-0.184473,-1.160645,0.602954
1.075377,-0.849857,-0.171718,-0.500946,1.367531,-0.188871,-1.162355,0.606587
1.085427,-0.855436,-0.167929,-0.502245,1.362820,-0.192437,-1.164118,0.609330
1.095477,-0.859938,-0.164829,-0.503056,1.359335,-0.195196,-1.165852,0.611202
1.105528,-0.861945,-0.163004,-0.503872,1.357552,-0.196270,-1.166861,0.612423
1.115578,-0.874861,-0.150457,-0.505828,1.340631,-0.202440,-1.168077,0.617697
1.125628,-0.886039,-0.139258,-0.507368,1.325291,-0.207524,-1.168727,0.622061
1.135678,-0.895979,-0.129059,-0.508635,1.311377,-0.211848,-1.169234,0.625748
1.145729,-0.904990,-0.119644,-0.509723,1.298785,-0.215608,-1.169852,0.628908
1.155779,-0.913248,-0.110906,-0.510688,1.287471,-0.218923,-1.170729,0.631626
1.165829,-0.920829,-0.102811,-0.511564,1.277429,-0.221858,-1.171933,0.633957
1.175879,-0.927739,-0.095400,-0.512366,1.268698,-0.224446,-1.173473,0.635930
1.185930,-0.933904,-0.088778,-0.513096,1.261358,-0.226687,-1.175296,0.637555
1.195980,-0.939154,-0.083142,-0.513739,1.255535,-0.228542,-1.177267,0.638828
1.206030,-0.943207,-0.078808,-0.514252,1.251398,-0.229941,-1.179128,0.639728
1.216080,-0.945592,-0.076262,-0.514564,1.249167,-0.230744,-1.180419,0.640210
1.226131,-0.958126,-0.060376,-0.515012,1.229273,-0.234099,-1.181020,0.642533
1.236181,-0.968389,-0.046603,-0.515071,1.211779,-0.236461,-1.180876,0.644020
1.246231,-0.977979,-0.034015,-0.515306,1.195852,-0.238794,-1.180949,0.645498
1.256281,-0.985947,-0.022797,-0.514828,1.181758,-0.240348,-1.180621,0.645908
1.266332,-0.993509,-0.012253,-0.514562,1.169034,-0.241831,-1.180891,0.646296
1.276382,-1.000597,-0.002676,-0.514664,1.157883,-0.243326,-1.181718,0.646876
1.286432,-1.006606,0.005869,-0.514615,1.148528,-0.244328,-1.182815,0.646984
1.296482,-1.012004,0.013530,-0.514617,1.140717,-0.245177,-1.184367,0.646941
1.306533,-1.016379,0.019755,-0.514420,1.134673,-0.245842,-1.185865,0.646611
1.316583,-1.019727,0.024548,-0.514430,1.130438,-0.246286,-1.187445,0.646381
1.326633,-1.021391,0.027113,-0.514363,1.128307,-0.246403,-1.188333,0.646118
1.336683,-1.031213,0.043026,-0.513416,1.110098,-0.247244,-1.188586,0.645110
1.346734,-1.039299,0.056842,-0.512540,1.093885,-0.247671,-1.188129,0.644094
1.356784,-1.046572,0.069141,-0.511893,1.079428,-0.248140,-1.187750,0.643265
1.366834,-1.052852,0.080077,-0.511174,1.066819,-0.248415,-1.187499,0.642230
1.376884,-1.058354,0.089893,-0.510348,1.055725,-0.248572,-1.187364,0.641003
1.386935,-1.063273,0.098809,-0.509686,1.046185,-0.248603,-1.187727,0.639773
1.396985,-1.067465,0.106645,-0.508992,1.038287,-0.248503,-1.188413,0.638405
1.407035,-1.071168,0.113316,-0.508455,1.031924,-0.248509,-1.189426,0.637207
1.417085,-1.074166,0.118849,-0.508026,1.027073,-0.248414,-1.190638,0.636084
1.427136,-1.076134,0.122941,-0.507477,1.023808,-0.248139,-1.191660,0.634896
1.437186,-1.077255,0.125381,-0.507011,1.022150,-0.247932,-1.192489,0.633973
1.447236,-1.083071,0.137517,-0.505540,1.009924,-0.247375,-1.193064,0.631217
1.457286,-1.087823,0.147830,-0.504138,0.999221,-0.246843,-1.193100,0.628744
1.467337,-1.092053,0.156983,-0.502922,0.989809,-0.246404,-1.193223,0.626526
1.477387,-1.095632,0.164947,-0.501823,0.981695,-0.245964,-1.193334,0.624497
1.487437,-1.098578,0.172027,-0.500721,0.974852,-0.245381,-1.193634,0.622418
1.497487,-1.101270,0.178250,-0.499846,0.969086,-0.244932,-1.194212,0.620620
1.507538,-1.103261,0.183580,-0.498922,0.964534,-0.244287,-1.194874,0.618748
1.517588,-1.104947,0.188071,-0.498120,0.960957,-0.243744,-1.195684,0.617082
1.527638,-1.106159,0.191598,-0.497405,0.958391,-0.243223,-1.196477,0.615608
1.537688,-1.107013,0.194274,-0.496561,0.956880,-0.242812,-1.197410,0.614104
1.547739,-1.107572,0.195802,-0.496156,0.956201,-0.242608,-1.198172,0.613282
1.557789,-1.107993,0.202460,-0.493604,0.952033,-0.240244,-1.199105,0.608869
1.567839,-1.108543,0.207955,-0.491655,0.948496,-0.238469,-1.199929,0.605436
1.577889,-1.109125,0.212582,-0.490110,0.945516,-0.237074,-1.200710,0.602657
1.587940,-1.109681,0.216533,-0.488839,0.943032,-0.235929,-1.201481,0.600325
1.597990,-1.110180,0.219936,-0.487765,0.940987,-0.234956,-1.202253,0.598316
1.608040,-1.110605,0.222872,-0.486841,0.939331,-0.234109,-1.203026,0.596557
1.618090,-1.110953,0.225388,-0.486040,0.938022,-0.233367,-1.203786,0.595013
1.628141,-1.111225,0.227503,-0.485354,0.937022,-0.232722,-1.204511,0.593674
1.638191,-1.111424,0.229208,-0.484788,0.936300,-0.232182,-1.205167,0.592560
1.648241,-1.111556,0.230461,-0.484364,0.935832,-0.231772,-1.205699,0.591716
1.658291,-1.111621,0.231168,-0.484118,0.935600,-0.231532,-1.206026,0.591225
1.668342,-1.111642,0.233854,-0.483012,0.934174,-0.230513,-1.206590,0.589296
1.678392,-1.111719,0.236052,-0.482152,0.932905,-0.229735,-1.206993,0.587796
1.688442,-1.111829,0.237887,-0.481469,0.931769,-0.229127,-1.207287,0.586602
1.698492,-1.111957,0.239442,-0.480915,0.930748,-0.228642,-1.207503,0.585635
1.708543,-1.112093,0.240772,-0.480463,0.929832,-0.228251,-1.207663,0.584841
1.718593,-1.112230,0.241910,-0.480090,0.929015,-0.227934,-1.207783,0.584187
1.728643,-1.112364,0.242879,-0.479786,0.928299,-0.227679,-1.207874,0.583650
1.738693,-1.112488,0.243686,-0.479542,0.927691,-0.227476,-1.207948,0.583216
1.748744,-1.112596,0.244331,-0.479354,0.927201,-0.227321,-1.208009,0.582878
1.758794,-1.112680,0.244799,-0.479222,0.926848,-0.227213,-1.208060,0.582637
1.768844,-1.112730,0.245060,-0.479151,0.926657,-0.227153,-1.208095,0.582504
1.778894,-1.113757,0.246897,-0.479122,0.923766,-0.227346,-1.207269,0.582489
1.788945,-1.114610,0.248522,-0.479055,0.921097,-0.227487,-1.206394,0.582454
1.798995,-1.115340,0.249982,-0.478961,0.918648,-0.227598,-1.205532,0.582398
1.809045,-1.115992,0.251286,-0.478879,0.916411,-0.227700,-1.204715,0.582361
1.819095,-1.116551,0.252495,-0.478776,0.914405,-0.227757,-1.203995,0.582276
1.829146,-1.117050,0.253600,-0.478667,0.912614,-0.227801,-1.203369,0.582175
1.839196,-1.117462,0.254578,-0.478560,0.911082,-0.227810,-1.202851,0.582056
1.849246,-1.117793,0.255446,-0.478449,0.909820,-0.227784,-1.202465,0.581905
1.859296,-1.118042,0.256150,-0.478331,0.908854,-0.227749,-1.202194,0.581740
1.869347,-1.118209,0.256672,-0.478233,0.908211,-0.227704,-1.202053,0.581588
1.879397,-1.118273,0.256967,-0.478154,0.907855,-0.227658,-1.201960,0.581474
1.889447,-1.118609,0.258856,-0.477643,0.905902,-0.227267,-1.201651,0.580639
1.899497,-1.118833,0.260498,-0.477106,0.904288,-0.226890,-1.201413,0.579802
1.909548,-1.118944,0.262000,-0.476588,0.902967,-0.226456,-1.201295,0.578954
1.919598,-1.118949,0.263377,-0.476031,0.901933,-0.225980,-1.201296,0.578043
1.929648,-1.118805,0.264641,-0.475489,0.901222,-0.225399,-1.201450,0.577091
1.939698,-1.118639,0.265892,-0.474853,0.900669,-0.224822,-1.201721,0.576026
1.949749,-1.118356,0.267054,-0.474206,0.900368,-0.224168,-1.202107,0.574909
1.959799,-1.118067,0.268103,-0.473511,0.900255,-0.223571,-1.202576,0.573766
1.969849,-1.117737,0.269084,-0.472883,0.900255,-0.222943,-1.203091,0.572676
1.979899,-1.117427,0.269861,-0.472357,0.900325,-0.222405,-1.203539,0.571762
1.989950,-1.117182,0.270355,-0.471967,0.900405,-0.222034,-1.203826,0.571117
2.000000,-1.109899,0.266596,-0.468189,0.919012,-0.217005,-1.214685,0.563865
