time,left_s0,left_s1,left_e0,left_e1,left_w0,left_w1,left_w2
0.000000,-0.481674,-0.425985,0.307868,1.164575,-0.305600,0.946443,0.613790
0.010050,-0.482017,-0.424459,0.309086,1.164447,-0.302369,0.944216,0.610967
0.020101,-0.482370,-0.423199,0.310158,1.164338,-0.299424,0.942467,0.608567
0.030151,-0.482737,-0.422216,0.311088,1.164244,-0.296765,0.941205,0.606582
0.040201,-0.483124,-0.421519,0.311880,1.164160,-0.294393,0.940440,0.605003
0.050251,-0.483536,-0.421118,0.312538,1.164083,-0.292304,0.940180,0.603818
0.060302,-0.483978,-0.421020,0.313067,1.164008,-0.290495,0.940431,0.603015
0.070352,-0.484455,-0.421233,0.313474,1.163930,-0.288962,0.941198,0.602580
0.080402,-0.484975,-0.421765,0.313765,1.163844,-0.287701,0.942484,0.602494
0.090452,-0.485543,-0.422621,0.313946,1.163747,-0.286705,0.944290,0.602741
0.100503,-0.486166,-0.423806,0.314025,1.163634,-0.285967,0.946617,0.603301
0.110553,-0.486850,-0.425325,0.314009,1.163499,-0.285479,0.949460,0.604153
0.120603,-0.487602,-0.427180,0.313907,1.163339,-0.285233,0.952818,0.605275
0.130653,-0.488429,-0.429374,0.313726,1.163149,-0.285218,0.956681,0.606643
0.140704,-0.489338,-0.431908,0.313476,1.162925,-0.285424,0.961044,0.608233
0.150754,-0.490335,-0.434781,0.313166,1.162664,-0.285841,0.965896,0.610020
0.160804,-0.491429,-0.437992,0.312804,1.162361,-0.286456,0.971223,0.611978
0.170854,-0.492626,-0.441539,0.312398,1.162013,-0.287257,0.977013,0.614081
0.180905,-0.493933,-0.445417,0.311959,1.161618,-0.288232,0.983249,0.616301
0.190955,-0.495357,-0.449623,0.311496,1.161172,-0.289368,0.989913,0.618613
0.201005,-0.496905,-0.454148,0.311015,1.160674,-0.290651,0.996984,0.620989
0.211055,-0.498584,-0.458987,0.310528,1.160122,-0.292067,1.004442,0.623403
0.221106,-0.500400,-0.464129,0.310041,1.159515,-0.293604,1.012263,0.625828
0.231156,-0.502360,-0.469566,0.309562,1.158853,-0.295247,1.020421,0.628239
0.241206,-0.504469,-0.475285,0.309099,1.158135,-0.296982,1.028890,0.630610
0.251256,-0.506733,-0.481275,0.308660,1.157362,-0.298796,1.037642,0.632918
0.261307,-0.509158,-0.487522,0.308250,1.156535,-0.300676,1.046646,0.635139
0.271357,-0.511749,-0.494011,0.307877,1.155656,-0.302607,1.055872,0.637251
0.281407,-0.514511,-0.500728,0.307545,1.154727,-0.304577,1.065289,0.639233
0.291457,-0.517447,-0.507654,0.307260,1.153752,-0.306573,1.074862,0.641065
0.301508,-0.520563,-0.514773,0.307025,1.152733,-0.308583,1.084560,0.642731
0.311558,-0.523860,-0.522067,0.306846,1.151676,-0.310595,1.094346,0.644213
0.321608,-0.527342,-0.529516,0.306725,1.150585,-0.312597,1.104188,0.645496
0.331658,-0.531012,-0.537102,0.306665,1.149464,-0.314579,1.114049,0.646568
0.341709,-0.534871,-0.544803,0.306668,1.148321,-0.316529,1.123894,0.647416
0.351759,-0.538920,-0.552600,0.306734,1.147161,-0.318439,1.133689,0.648032
0.361809,-0.543161,-0.560471,0.306866,1.145991,-0.320299,1.143398,0.648407
0.371859,-0.547593,-0.568396,0.307063,1.144818,-0.322099,1.152988,0.648535
0.381910,-0.552216,-0.576352,0.307325,1.143650,-0.323832,1.162424,0.648411
0.391960,-0.557029,-0.584320,0.307652,1.142495,-0.325490,1.171674,0.648033
0.402010,-0.562031,-0.592277,0.308042,1.141360,-0.327066,1.180705,0.647399
0.412060,-0.567220,-0.600204,0.308493,1.140255,-0.328552,1.189487,0.646511
0.422111,-0.572592,-0.608078,0.309004,1.139186,-0.329943,1.197989,0.645369
0.432161,-0.578145,-0.615880,0.309572,1.138164,-0.331233,1.206185,0.643977
0.442211,-0.583874,-0.623591,0.310195,1.137196,-0.332417,1.214047,0.642341
0.452261,-0.589775,-0.631192,0.310871,1.136290,-0.333490,1.221551,0.640465
0.462312,-0.595844,-0.638664,0.311595,1.135456,-0.334446,1.228673,0.638357
0.472362,-0.602074,-0.645989,0.312366,1.134701,-0.335282,1.235394,0.636026
0.482412,-0.608461,-0.653152,0.313181,1.134034,-0.335995,1.241693,0.633480
0.492462,-0.614997,-0.660137,0.314035,1.133461,-0.336580,1.247556,0.630730
0.502513,-0.621675,-0.666929,0.314927,1.132991,-0.337034,1.252966,0.627786
0.512563,-0.628489,-0.673515,0.315853,1.132630,-0.337354,1.257913,0.624660
0.522613,-0.635430,-0.679884,0.316811,1.132384,-0.337538,1.262387,0.621363
0.532663,-0.642490,-0.686023,0.317797,1.132260,-0.337582,1.266381,0.617908
0.542714,-0.649662,-0.691924,0.318810,1.132263,-0.337484,1.269890,0.614307
0.552764,-0.656935,-0.697578,0.319847,1.132398,-0.337242,1.272912,0.610574
0.562814,-0.664302,-0.702979,0.320906,1.132669,-0.336854,1.275446,0.606721
0.572864,-0.671753,-0.708119,0.321986,1.133080,-0.336318,1.277496,0.602762
0.582915,-0.679278,-0.712996,0.323084,1.133633,-0.335632,1.279066,0.598709
0.592965,-0.686868,-0.717605,0.324201,1.134332,-0.334794,1.280163,0.594576
0.603015,-0.694513,-0.721945,0.325333,1.135176,-0.333803,1.280797,0.590375
0.613065,-0.702203,-0.726016,0.326482,1.136169,-0.332659,1.280978,0.586120
0.623116,-0.709928,-0.729818,0.327646,1.137309,-0.331359,1.280719,0.581822
0.633166,-0.717679,-0.733352,0.328825,1.138596,-0.329904,1.280037,0.577494
0.643216,-0.725445,-0.736621,0.330019,1.140029,-0.328294,1.278947,0.573149
0.653266,-0.733217,-0.739630,0.331228,1.141607,-0.326527,1.277467,0.568796
0.663317,-0.740985,-0.742382,0.332452,1.143326,-0.324605,1.275617,0.564449
0.673367,-0.748739,-0.744884,0.333692,1.145184,-0.322529,1.273417,0.560118
0.683417,-0.756470,-0.747142,0.334947,1.147177,-0.320299,1.270890,0.555814
0.693467,-0.764170,-0.749162,0.336218,1.149301,-0.317918,1.268057,0.551548
0.703518,-0.771828,-0.750953,0.337505,1.151551,-0.315388,1.264942,0.547329
0.713568,-0.779437,-0.752521,0.338809,1.153922,-0.312712,1.261568,0.543169
0.723618,-0.786989,-0.753877,0.340129,1.156408,-0.309893,1.257958,0.539076
0.733668,-0.794475,-0.755028,0.341465,1.159003,-0.306936,1.254137,0.535060
0.743719,-0.801889,-0.755983,0.342817,1.161702,-0.303847,1.250128,0.531132
0.753769,-0.809222,-0.756752,0.344184,1.164496,-0.300630,1.245954,0.527300
0.763819,-0.816470,-0.757342,0.345566,1.167379,-0.297293,1.241637,0.523573
0.773869,-0.823625,-0.757764,0.346960,1.170344,-0.293842,1.237201,0.519961
0.783920,-0.830682,-0.758026,0.348366,1.173383,-0.290287,1.232666,0.516473
0.793970,-0.837636,-0.758135,0.349782,1.176489,-0.286636,1.228053,0.513118
0.804020,-0.844483,-0.758100,0.351204,1.179654,-0.282899,1.223380,0.509904
0.814070,-0.851219,-0.757929,0.352630,1.182870,-0.279088,1.218665,0.506842
0.824121,-0.857841,-0.757628,0.354057,1.186130,-0.275213,1.213925,0.503938
0.834171,-0.864346,-0.757204,0.355481,1.189426,-0.271288,1.209175,0.501204
0.844221,-0.870731,-0.756664,0.356898,1.192750,-0.267325,1.204429,0.498647
0.854271,-0.876996,-0.756011,0.358302,1.196095,-0.263340,1.199699,0.496276
0.864322,-0.883139,-0.755251,0.359690,1.199452,-0.259346,1.194994,0.494101
0.874372,-0.889161,-0.754387,0.361055,1.202816,-0.255359,1.190324,0.492129
0.884422,-0.895061,-0.753424,0.362392,1.206178,-0.251395,1.185696,0.490370
0.894472,-0.900841,-0.752362,0.363695,1.209530,-0.247471,1.181114,0.488831
0.904523,-0.906501,-0.751205,0.364957,1.212868,-0.243605,1.176584,0.487521
0.914573,-0.912045,-0.749952,0.366172,1.216183,-0.239812,1.172107,0.486447
0.924623,-0.917474,-0.748605,0.367333,1.219469,-0.236112,1.167684,0.485618
0.934673,-0.922791,-0.747164,0.368433,1.222719,-0.232522,1.163314,0.485040
0.944724,-0.928001,-0.745626,0.369465,1.225928,-0.229059,1.158995,0.484719
0.954774,-0.933108,-0.743992,0.370423,1.229090,-0.225743,1.154723,0.484662
0.964824,-0.938115,-0.742259,0.371300,1.232198,-0.222590,1.150496,0.484873
0.974874,-0.943029,-0.740424,0.372089,1.235247,-0.219617,1.146305,0.485359
0.984925,-0.947854,-0.738487,0.372785,1.238231,-0.216843,1.142147,0.486122
0.994975,-0.952596,-0.736442,0.373381,1.241146,-0.214284,1.138013,0.487165
1.005025,-0.957261,-0.734288,0.373871,1.243985,-0.211954,1.133896,0.488490
1.015075,-0.961855,-0.732021,0.374252,1.246745,-0.209871,1.129787,0.490098
1.025126,-0.966386,-0.729637,0.374519,1.249419,-0.208046,1.125679,0.491989
1.035176,-0.970859,-0.727133,0.374667,1.252003,-0.206495,1.121562,0.494162
1.045226,-0.975283,-0.724507,0.374694,1.254492,-0.205229,1.117429,0.496614
1.055276,-0.979663,-0.721754,0.374599,1.256882,-0.204259,1.113270,0.499341
1.065327,-0.984007,-0.718872,0.374378,1.259168,-0.203594,1.109078,0.502338
1.075377,-0.988322,-0.715859,0.374033,1.261346,-0.203244,1.104845,0.505597
1.085427,-0.992616,-0.712712,0.373563,1.263410,-0.203214,1.100563,0.509112
1.095477,-0.996896,-0.709429,0.372970,1.265358,-0.203510,1.096228,0.512872
1.105528,-1.001168,-0.706009,0.372256,1.267183,-0.204136,1.091832,0.516867
1.115578,-1.005440,-0.702452,0.371425,1.268883,-0.205094,1.087371,0.521084
1.125628,-1.009718,-0.698756,0.370480,1.270453,-0.206384,1.082842,0.525510
1.135678,-1.014009,-0.694923,0.369427,1.271889,-0.208006,1.078242,0.530130
1.145729,-1.018320,-0.690954,0.368273,1.273186,-0.209957,1.073569,0.534926
1.155779,-1.022656,-0.686849,0.367023,1.274342,-0.212232,1.068822,0.539882
1.165829,-1.027023,-0.682613,0.365688,1.275352,-0.214825,1.064003,0.544979
1.175879,-1.031427,-0.678247,0.364274,1.276213,-0.217728,1.059114,0.550197
1.185930,-1.035872,-0.673755,0.362793,1.276921,-0.220934,1.054157,0.555515
1.195980,-1.040364,-0.669142,0.361254,1.277473,-0.224430,1.049136,0.560910
1.206030,-1.044905,-0.664413,0.359668,1.277866,-0.228205,1.044059,0.566362
1.216080,-1.049501,-0.659574,0.358047,1.278098,-0.232246,1.038930,0.571845
1.226131,-1.054154,-0.654631,0.356402,1.278166,-0.236538,1.033757,0.577337
1.236181,-1.058867,-0.649590,0.354747,1.278067,-0.241066,1.028550,0.582814
1.246231,-1.063642,-0.644459,0.353093,1.277801,-0.245813,1.023317,0.588252
1.256281,-1.068481,-0.639246,0.351454,1.277366,-0.250761,1.018069,0.593625
1.266332,-1.073384,-0.633959,0.349842,1.276761,-0.255893,1.012817,0.598911
1.276382,-1.078353,-0.628607,0.348269,1.275986,-0.261190,1.007572,0.604085
1.286432,-1.083387,-0.623197,0.346748,1.275040,-0.266633,1.002347,0.609124
1.296482,-1.088485,-0.617740,0.345292,1.273925,-0.272201,0.997153,0.614005
1.306533,-1.093647,-0.612243,0.343911,1.272642,-0.277877,0.992003,0.618707
1.316583,-1.098871,-0.606717,0.342617,1.271193,-0.283639,0.986911,0.623208
1.326633,-1.104154,-0.601171,0.341421,1.269579,-0.289468,0.981887,0.627489
1.336683,-1.109493,-0.595613,0.340331,1.267805,-0.295345,0.976946,0.631531
1.346734,-1.114886,-0.590052,0.339357,1.265874,-0.301252,0.972099,0.635318
1.356784,-1.120328,-0.584498,0.338507,1.263791,-0.307169,0.967357,0.638833
1.366834,-1.125814,-0.578958,0.337788,1.261561,-0.313079,0.962733,0.642063
1.376884,-1.131340,-0.573440,0.337205,1.259190,-0.318966,0.958236,0.644996
1.386935,-1.136901,-0.567953,0.336763,1.256684,-0.324812,0.953877,0.647621
1.396985,-1.142490,-0.562503,0.336466,1.254051,-0.330603,0.949664,0.649931
1.407035,-1.148102,-0.557097,0.336315,1.251298,-0.336326,0.945605,0.651918
1.417085,-1.153730,-0.551741,0.336312,1.248435,-0.341966,0.941708,0.653580
1.427136,-1.159367,-0.546441,0.336457,1.245471,-0.347513,0.937978,0.654912
1.437186,-1.165006,-0.541202,0.336748,1.242416,-0.352956,0.934421,0.655916
1.447236,-1.170640,-0.536028,0.337182,1.239279,-0.358286,0.931040,0.656593
1.457286,-1.176260,-0.530923,0.337755,1.236073,-0.363495,0.927838,0.656948
1.467337,-1.181860,-0.525890,0.338463,1.232808,-0.368577,0.924815,0.656986
1.477387,-1.187432,-0.520931,0.339299,1.229497,-0.373526,0.921974,0.656715
1.487437,-1.192967,-0.516049,0.340255,1.226151,-0.378340,0.919312,0.656146
1.497487,-1.198457,-0.511244,0.341325,1.222782,-0.383014,0.916827,0.655289
1.507538,-1.203896,-0.506517,0.342498,1.219405,-0.387550,0.914517,0.654158
1.517588,-1.209274,-0.501869,0.343765,1.216031,-0.391945,0.912377,0.652768
1.527638,-1.214585,-0.497298,0.345115,1.212673,-0.396203,0.910402,0.651135
1.537688,-1.219821,-0.492804,0.346538,1.209344,-0.400324,0.908587,0.649276
1.547739,-1.224974,-0.488385,0.348022,1.206057,-0.404312,0.906923,0.647210
1.557789,-1.230039,-0.484040,0.349555,1.202824,-0.408172,0.905404,0.644957
1.567839,-1.235007,-0.479766,0.351126,1.199658,-0.411909,0.904022,0.642537
1.577889,-1.239873,-0.475561,0.352722,1.196570,-0.415528,0.902767,0.639970
1.587940,-1.244632,-0.471422,0.354332,1.193572,-0.419036,0.901630,0.637278
1.597990,-1.249277,-0.467346,0.355945,1.190674,-0.422440,0.900603,0.634482
1.608040,-1.253804,-0.463331,0.357549,1.187888,-0.425748,0.899674,0.631604
1.618090,-1.258208,-0.459372,0.359133,1.185222,-0.428967,0.898835,0.628665
1.628141,-1.262486,-0.455467,0.360687,1.182685,-0.432106,0.898076,0.625686
1.638191,-1.266634,-0.451612,0.362203,1.180285,-0.435172,0.897386,0.622688
1.648241,-1.270649,-0.447806,0.363671,1.178030,-0.438173,0.896757,0.619691
1.658291,-1.274531,-0.444044,0.365085,1.175926,-0.441118,0.896179,0.616714
1.668342,-1.278276,-0.440324,0.366437,1.173978,-0.444015,0.895644,0.613774
1.678392,-1.281885,-0.436644,0.367722,1.172190,-0.446870,0.895142,0.610889
1.688442,-1.285357,-0.433002,0.368936,1.170565,-0.449692,0.894668,0.608075
1.698492,-1.288693,-0.429396,0.370076,1.169107,-0.452486,0.894213,0.605347
1.708543,-1.291893,-0.425825,0.371140,1.167814,-0.455260,0.893771,0.602716
1.718593,-1.294960,-0.422286,0.372128,1.166689,-0.458017,0.893337,0.600195
1.728643,-1.297896,-0.418781,0.373040,1.165729,-0.460764,0.892907,0.597795
1.738693,-1.300704,-0.415308,0.373878,1.164932,-0.463505,0.892476,0.595522
1.748744,-1.303386,-0.411867,0.374646,1.164295,-0.466242,0.892041,0.593385
1.758794,-1.305949,-0.408460,0.375349,1.163815,-0.468980,0.891601,0.591388
1.768844,-1.308395,-0.405088,0.375992,1.163485,-0.471719,0.891155,0.589535
1.778894,-1.310730,-0.401751,0.376583,1.163300,-0.474462,0.890701,0.587827
1.788945,-1.312959,-0.398452,0.377129,1.163253,-0.477208,0.890241,0.586266
1.798995,-1.315089,-0.395192,0.377639,1.163336,-0.479957,0.889776,0.584849
1.809045,-1.317125,-0.391976,0.378123,1.163540,-0.482709,0.889308,0.583573
1.819095,-1.319073,-0.388804,0.378593,1.163856,-0.485461,0.888840,0.582436
1.829146,-1.320942,-0.385682,0.379060,1.164275,-0.488211,0.888377,0.581430
1.839196,-1.322736,-0.382612,0.379535,1.164786,-0.490956,0.887921,0.580550
1.849246,-1.324465,-0.379598,0.380033,1.165377,-0.493693,0.887479,0.579787
1.859296,-1.326134,-0.376644,0.380564,1.166039,-0.496417,0.887056,0.579133
1.869347,-1.327751,-0.373754,0.381144,1.166760,-0.499124,0.886657,0.578577
1.879397,-1.329324,-0.370933,0.381785,1.167528,-0.501808,0.886288,0.578110
1.889447,-1.330859,-0.368185,0.382501,1.168331,-0.504465,0.885957,0.577719
1.899497,-1.332363,-0.365513,0.383306,1.169158,-0.507089,0.885670,0.577393
1.909548,-1.333845,-0.362924,0.384211,1.169997,-0.509673,0.885434,0.577119
1.919598,-1.335310,-0.360419,0.385231,1.170836,-0.512212,0.885255,0.576886
1.929648,-1.336765,-0.358005,0.386377,1.171665,-0.514700,0.885141,0.576680
1.939698,-1.338217,-0.355685,0.387662,1.172472,-0.517131,0.885098,0.576488
1.949749,-1.339671,-0.353462,0.389097,1.173247,-0.519499,0.885133,0.576299
1.959799,-1.341134,-0.351340,0.390691,1.173980,-0.521797,0.885252,0.576098
1.969849,-1.342610,-0.349324,0.392456,1.174660,-0.524020,0.885462,0.575875
1.979899,-1.344105,-0.347415,0.394399,1.175279,-0.526162,0.885768,0.575617
1.989950,-1.345624,-0.345616,0.396530,1.175828,-0.528218,0.886176,0.575314
2.000000,-1.347170,-0.343931,0.398854,1.176299,-0.530183,0.886690,0.574953
