time,left_s0,left_s1,left_e0,left_e1,left_w0,left_w1,left_w2
0.000000,-0.481670,-0.427981,0.307180,1.163908,-0.305646,0.946466,0.613592
0.010050,-0.504875,-0.457772,0.288105,1.111016,-0.311284,0.933703,0.612154
0.020101,-0.517173,-0.478527,0.278339,1.066655,-0.313256,0.922096,0.610775
0.030151,-0.514201,-0.490985,0.281744,1.031713,-0.310440,0.911616,0.609503
0.040201,-0.513355,-0.500015,0.283515,1.001984,-0.308237,0.902709,0.608379
0.050251,-0.513875,-0.506538,0.284102,0.977068,-0.306521,0.895315,0.607419
0.060302,-0.515050,-0.511271,0.284025,0.956560,-0.305152,0.889321,0.606638
0.070352,-0.516444,-0.514705,0.283618,0.940096,-0.304050,0.884611,0.606038
0.080402,-0.517798,-0.517210,0.283104,0.927340,-0.303176,0.881067,0.605611
0.090452,-0.518951,-0.519028,0.282626,0.918011,-0.302513,0.878572,0.605339
0.100503,-0.519797,-0.520274,0.282271,0.911903,-0.302057,0.877014,0.605195
0.110553,-0.520254,-0.520948,0.282087,0.908884,-0.301818,0.876288,0.605146
0.120603,-0.522432,-0.524931,0.280740,0.891883,-0.301523,0.875082,0.606336
0.130653,-0.524530,-0.528431,0.279347,0.877544,-0.301508,0.874570,0.607578
0.140704,-0.526517,-0.531649,0.277983,0.865515,-0.301718,0.874656,0.608867
0.150754,-0.528378,-0.534721,0.276702,0.855493,-0.302111,0.875237,0.610187
0.160804,-0.530110,-0.537725,0.275536,0.847220,-0.302648,0.876206,0.611515
0.170854,-0.531718,-0.540693,0.274502,0.840481,-0.303295,0.877455,0.612821
0.180905,-0.533197,-0.543606,0.273612,0.835102,-0.304012,0.878864,0.614064
0.190955,-0.534534,-0.546396,0.272875,0.830945,-0.304752,0.880308,0.615198
0.201005,-0.535691,-0.548931,0.272301,0.827907,-0.305455,0.881644,0.616165
0.211055,-0.536599,-0.551001,0.271901,0.825914,-0.306042,0.882720,0.616895
0.221106,-0.537142,-0.552279,0.271691,0.824924,-0.306407,0.883357,0.617309
0.231156,-0.540005,-0.560322,0.270836,0.819197,-0.309071,0.891775,0.620792
0.241206,-0.542659,-0.567469,0.270049,0.814367,-0.311511,0.899653,0.623913
0.251256,-0.545194,-0.574037,0.269332,0.810307,-0.313788,0.907021,0.626711
0.261307,-0.547676,-0.580220,0.268680,0.806916,-0.315941,0.913884,0.629209
0.271357,-0.550142,-0.586118,0.268084,0.804111,-0.317986,0.920221,0.631421
0.281407,-0.552606,-0.591757,0.267538,0.801827,-0.319922,0.925990,0.633354
0.291457,-0.555045,-0.597097,0.267040,0.800011,-0.321729,0.931126,0.635004
0.301508,-0.557403,-0.602028,0.266594,0.798620,-0.323369,0.935535,0.636365
0.311558,-0.559567,-0.606359,0.266211,0.797619,-0.324780,0.939100,0.637421
0.321608,-0.561352,-0.609786,0.265916,0.796978,-0.325870,0.941672,0.638153
0.331658,-0.562467,-0.611847,0.265743,0.796669,-0.326508,0.943068,0.638535
0.341709,-0.568187,-0.623059,0.265581,0.794868,-0.329866,0.955715,0.640243
0.351759,-0.573363,-0.632742,0.265421,0.793433,-0.332784,0.967165,0.641610
0.361809,-0.578215,-0.641365,0.265267,0.792316,-0.335361,0.977515,0.642672
0.371859,-0.582885,-0.649217,0.265113,0.791482,-0.337662,0.986833,0.643461
0.381910,-0.587450,-0.656461,0.264951,0.790899,-0.339730,0.995153,0.644009
0.391960,-0.591933,-0.663167,0.264777,0.790538,-0.341586,1.002486,0.644348
0.402010,-0.596299,-0.669326,0.264589,0.790367,-0.343234,1.008811,0.644511
0.412060,-0.600448,-0.674855,0.264391,0.790348,-0.344661,1.014084,0.644538
0.422111,-0.604199,-0.679590,0.264195,0.790436,-0.345838,1.018229,0.644470
0.432161,-0.607252,-0.683254,0.264023,0.790572,-0.346713,1.021142,0.644360
0.442211,-0.609137,-0.685419,0.263911,0.790684,-0.347208,1.022686,0.644268
0.452261,-0.618212,-0.696146,0.264684,0.791821,-0.349148,1.034451,0.641834
0.462312,-0.626203,-0.705198,0.265414,0.792997,-0.350731,1.044893,0.639467
0.472362,-0.633494,-0.713065,0.266104,0.794201,-0.352025,1.054129,0.637152
0.482412,-0.640329,-0.720049,0.266750,0.795425,-0.353078,1.062250,0.634892
0.492462,-0.646844,-0.726329,0.267344,0.796655,-0.353924,1.069325,0.632700
0.502513,-0.653091,-0.731995,0.267879,0.797874,-0.354591,1.075402,0.630603
0.512563,-0.659044,-0.737071,0.268344,0.799051,-0.355098,1.080509,0.628642
0.522613,-0.664595,-0.741523,0.268729,0.800147,-0.355464,1.084656,0.626876
0.532663,-0.669531,-0.745252,0.269024,0.801103,-0.355707,1.087832,0.625378
0.542714,-0.673495,-0.748082,0.269223,0.801844,-0.355845,1.090007,0.624247
0.552764,-0.675920,-0.749727,0.269321,0.802273,-0.355901,1.091132,0.623604
0.562814,-0.687151,-0.757249,0.271497,0.805281,-0.355184,1.097606,0.617578
0.572864,-0.696869,-0.763464,0.273506,0.808034,-0.354408,1.103125,0.612090
0.582915,-0.705587,-0.768746,0.275366,0.810549,-0.353559,1.107790,0.607066
0.592965,-0.713624,-0.773325,0.277086,0.812845,-0.352634,1.111688,0.602459
0.603015,-0.721165,-0.777339,0.278667,0.814934,-0.351638,1.114898,0.598248
0.613065,-0.728290,-0.780869,0.280104,0.816816,-0.350588,1.117490,0.594433
0.623116,-0.734989,-0.783950,0.281382,0.818484,-0.349511,1.119526,0.591038
0.633166,-0.741163,-0.786583,0.282480,0.819917,-0.348452,1.121064,0.588111
0.643216,-0.746599,-0.788735,0.283368,0.821081,-0.347477,1.122153,0.585725
0.653266,-0.750934,-0.790332,0.284009,0.821928,-0.346678,1.122840,0.583984
0.663317,-0.753573,-0.791242,0.284356,0.822390,-0.346187,1.123165,0.583024
0.673367,-0.765370,-0.794917,0.287709,0.825462,-0.342457,1.122549,0.575670
0.683417,-0.775463,-0.797849,0.290735,0.828199,-0.339055,1.121687,0.569123
0.693467,-0.784418,-0.800250,0.293480,0.830626,-0.335872,1.120628,0.563269
0.703518,-0.792588,-0.802248,0.295976,0.832769,-0.332841,1.119424,0.558029
0.713568,-0.800176,-0.803925,0.298239,0.834649,-0.329929,1.118129,0.553352
0.723618,-0.807276,-0.805330,0.300274,0.836280,-0.327135,1.116800,0.549211
0.733668,-0.813895,-0.806495,0.302072,0.837668,-0.324488,1.115501,0.545608
0.743719,-0.819950,-0.807439,0.303612,0.838813,-0.322050,1.114298,0.542567
0.753769,-0.825249,-0.808169,0.304856,0.839706,-0.319924,1.113266,0.540136
0.763819,-0.829458,-0.808682,0.305756,0.840329,-0.318261,1.112484,0.538394
0.773869,-0.832015,-0.808960,0.306246,0.840655,-0.317278,1.112044,0.537449
0.783920,-0.842901,-0.809650,0.310125,0.842943,-0.311036,1.106139,0.531179
0.793970,-0.852121,-0.810077,0.313580,0.844979,-0.305497,1.100666,0.525706
0.804020,-0.860229,-0.810320,0.316674,0.846771,-0.300475,1.095605,0.520918
0.814070,-0.867564,-0.810423,0.319451,0.848333,-0.295850,1.090954,0.516731
0.824121,-0.874323,-0.810418,0.321940,0.849678,-0.291557,1.086720,0.513085
0.834171,-0.880604,-0.810327,0.324153,0.850815,-0.287576,1.082923,0.509941
0.844221,-0.886423,-0.810171,0.326088,0.851754,-0.283925,1.079597,0.507278
0.854271,-0.891719,-0.809971,0.327729,0.852500,-0.280667,1.076785,0.505091
0.864322,-0.896339,-0.809754,0.329044,0.853056,-0.277907,1.074547,0.503392
0.874372,-0.900000,-0.809555,0.329987,0.853425,-0.275806,1.072957,0.502208
0.884422,-0.902225,-0.809423,0.330496,0.853608,-0.274595,1.072107,0.501584
0.894472,-0.911275,-0.808251,0.334104,0.854913,-0.267724,1.064206,0.498467
0.904523,-0.918885,-0.807118,0.337273,0.856068,-0.261765,1.057082,0.495888
0.914573,-0.925541,-0.806015,0.340064,0.857063,-0.256514,1.050670,0.493775
0.924623,-0.931542,-0.804933,0.342523,0.857895,-0.251839,1.044920,0.492071
0.934673,-0.937062,-0.803869,0.344681,0.858566,-0.247656,1.039803,0.490728
0.944724,-0.942187,-0.802826,0.346557,0.859085,-0.243926,1.035307,0.489704
0.954774,-0.946939,-0.801818,0.348158,0.859460,-0.240639,1.031436,0.488958
0.964824,-0.951273,-0.800871,0.349481,0.859707,-0.237823,1.028213,0.488453
0.974874,-0.955067,-0.800024,0.350512,0.859844,-0.235531,1.025680,0.488148
0.984925,-0.958090,-0.799344,0.351231,0.859896,-0.233854,1.023898,0.487999
0.994975,-0.959938,-0.798930,0.351608,0.859899,-0.232925,1.022951,0.487955
1.005025,-0.967282,-0.796238,0.353797,0.859822,-0.228650,1.014857,0.489563
1.015075,-0.973456,-0.793780,0.355652,0.859735,-0.225125,1.007607,0.491231
1.025126,-0.978882,-0.791482,0.357212,0.859603,-0.222221,1.001110,0.492962
1.035176,-0.983816,-0.789297,0.358507,0.859404,-0.219846,0.995300,0.494747
1.045226,-0.988405,-0.787199,0.359567,0.859135,-0.217931,0.990134,0.496565
1.055276,-0.992723,-0.785181,0.360412,0.858799,-0.216426,0.985590,0.498379
1.065327,-0.996783,-0.783257,0.361062,0.858412,-0.215288,0.981668,0.500141
1.075377,-1.000544,-0.781466,0.361536,0.857999,-0.214480,0.978389,0.501782
1.085427,-1.003888,-0.779879,0.361851,0.857599,-0.213960,0.975798,0.503214
1.095477,-1.006594,-0.778610,0.362030,0.857259,-0.213682,0.973964,0.504324
1.105528,-1.008276,-0.777840,0.362101,0.857046,-0.213584,0.972982,0.504969
1.115578,-1.014965,-0.773205,0.361935,0.855698,-0.214796,0.964680,0.511391
1.125628,-1.020619,-0.769003,0.361689,0.854554,-0.216152,0.957252,0.517291
1.135678,-1.025651,-0.765099,0.361362,0.853544,-0.217681,0.950595,0.522749
1.145729,-1.030305,-0.761401,0.360959,0.852625,-0.219387,0.944637,0.527812
1.155779,-1.034716,-0.757860,0.360490,0.851775,-0.221256,0.939333,0.532497
1.165829,-1.038946,-0.754459,0.359972,0.850990,-0.223252,0.934661,0.536791
1.175879,-1.042999,-0.751218,0.359428,0.850272,-0.225315,0.930623,0.540653
1.185930,-1.046817,-0.748199,0.358888,0.849639,-0.227353,0.927244,0.544015
1.195980,-1.050267,-0.745518,0.358392,0.849112,-0.229238,0.924573,0.546777
1.206030,-1.053099,-0.743369,0.357989,0.848721,-0.230784,0.922682,0.548806
1.216080,-1.054883,-0.742060,0.357744,0.848503,-0.231737,0.921672,0.549930
1.226131,-1.062021,-0.735152,0.356082,0.847666,-0.238618,0.913440,0.558769
1.236181,-1.068050,-0.728967,0.354638,0.847117,-0.244830,0.906133,0.566660
1.246231,-1.073435,-0.723280,0.353370,0.846777,-0.250576,0.899638,0.573732
1.256281,-1.078441,-0.717942,0.352252,0.846595,-0.255983,0.893878,0.580072
1.266332,-1.083210,-0.712868,0.351272,0.846538,-0.261112,0.888802,0.585731
1.276382,-1.087802,-0.708027,0.350423,0.846581,-0.265971,0.884381,0.590732
1.286432,-1.092210,-0.703438,0.349707,0.846705,-0.270517,0.880607,0.595070
1.296482,-1.096363,-0.699181,0.349127,0.846889,-0.274654,0.877493,0.598714
1.306533,-1.100109,-0.695411,0.348687,0.847107,-0.278225,0.875068,0.601606
1.316583,-1.103177,-0.692391,0.348393,0.847321,-0.280994,0.873381,0.603661
1.326633,-1.105103,-0.690548,0.348246,0.847472,-0.282620,0.872495,0.604763
1.336683,-1.112940,-0.682102,0.348289,0.848734,-0.292128,0.865580,0.611910
1.346734,-1.119539,-0.674726,0.348529,0.850020,-0.300421,0.859494,0.618108
1.356784,-1.125404,-0.668081,0.348943,0.851318,-0.307806,0.854144,0.623477
1.366834,-1.130822,-0.661949,0.349512,0.852618,-0.314486,0.849462,0.628110
1.376884,-1.135939,-0.656206,0.350216,0.853911,-0.320579,0.845398,0.632076
1.386935,-1.140817,-0.650795,0.351030,0.855183,-0.326140,0.841919,0.635426
1.396985,-1.145448,-0.645724,0.351921,0.856414,-0.331164,0.839006,0.638197
1.407035,-1.149758,-0.641064,0.352842,0.857570,-0.335593,0.836652,0.640410
1.417085,-1.153595,-0.636968,0.353725,0.858603,-0.339305,0.834863,0.642079
1.427136,-1.156694,-0.633706,0.354471,0.859435,-0.342109,0.833650,0.643204
1.437186,-1.158610,-0.631720,0.354942,0.859943,-0.343717,0.833034,0.643776
1.447236,-1.166638,-0.623475,0.358918,0.862208,-0.352249,0.828345,0.645984
1.457286,-1.173410,-0.616448,0.362615,0.864197,-0.359557,0.824245,0.647691
1.467337,-1.179397,-0.610239,0.366111,0.865989,-0.365934,0.820682,0.648962
1.477387,-1.184869,-0.604601,0.369450,0.867637,-0.371577,0.817610,0.649856
1.487437,-1.189970,-0.599390,0.372649,0.869172,-0.376611,0.814993,0.650426
1.497487,-1.194761,-0.594537,0.375702,0.870609,-0.381105,0.812799,0.650726
1.507538,-1.199240,-0.590033,0.378571,0.871949,-0.385083,0.811007,0.650811
1.517588,-1.203343,-0.585928,0.381191,0.873177,-0.388521,0.809599,0.650738
1.527638,-1.206937,-0.582344,0.383460,0.874256,-0.391353,0.808563,0.650569
1.537688,-1.209791,-0.579505,0.385225,0.875117,-0.393455,0.807887,0.650374
1.547739,-1.211526,-0.577782,0.386265,0.875643,-0.394642,0.807559,0.650230
1.557789,-1.218828,-0.570882,0.392648,0.877231,-0.400807,0.805108,0.647470
1.567839,-1.224969,-0.565064,0.398286,0.878517,-0.406066,0.802980,0.644831
1.577889,-1.230342,-0.559966,0.403346,0.879613,-0.410633,0.801156,0.642301
1.587940,-1.235179,-0.555365,0.407939,0.880592,-0.414656,0.799611,0.639882
1.597990,-1.239610,-0.551134,0.412128,0.881497,-0.418232,0.798321,0.637589
1.608040,-1.243696,-0.547208,0.415942,0.882354,-0.421420,0.797268,0.635446
1.618090,-1.247445,-0.543577,0.419374,0.883171,-0.424240,0.796431,0.633488
1.628141,-1.250819,-0.540279,0.422386,0.883943,-0.426682,0.795795,0.631763
1.638191,-1.253724,-0.537410,0.424901,0.884645,-0.428698,0.795345,0.630335
1.648241,-1.255993,-0.535144,0.426795,0.885224,-0.430201,0.795067,0.629278
1.658291,-1.257349,-0.533774,0.427881,0.885591,-0.431053,0.794940,0.628691
1.668342,-1.262894,-0.528124,0.433541,0.886466,-0.435733,0.793809,0.624039
1.678392,-1.267512,-0.523351,0.438398,0.887148,-0.439776,0.792812,0.619892
1.688442,-1.271493,-0.519160,0.442629,0.887727,-0.443343,0.791945,0.616188
1.698492,-1.275014,-0.515376,0.446354,0.888259,-0.446546,0.791199,0.612886
1.708543,-1.278180,-0.511894,0.449653,0.888776,-0.449455,0.790567,0.609959
1.718593,-1.281044,-0.508667,0.452571,0.889294,-0.452107,0.790040,0.607391
1.728643,-1.283627,-0.505687,0.455129,0.889814,-0.454510,0.789612,0.605182
1.738693,-1.285912,-0.502988,0.457320,0.890327,-0.456641,0.789278,0.603342
1.748744,-1.287848,-0.500650,0.459113,0.890808,-0.458443,0.789035,0.601894
1.758794,-1.289339,-0.498814,0.460440,0.891215,-0.459818,0.788879,0.600873
1.768844,-1.290219,-0.497713,0.461191,0.891476,-0.460616,0.788806,0.600329
1.778894,-1.293761,-0.492960,0.464767,0.892365,-0.465109,0.787903,0.597050
1.788945,-1.296693,-0.488930,0.467797,0.893112,-0.469025,0.787081,0.594237
1.798995,-1.299205,-0.485394,0.470413,0.893781,-0.472517,0.786341,0.591827
1.809045,-1.301413,-0.482211,0.472705,0.894408,-0.475690,0.785681,0.589771
1.819095,-1.303388,-0.479298,0.474734,0.895013,-0.478605,0.785099,0.588028
1.829146,-1.305171,-0.476617,0.476538,0.895604,-0.481291,0.784596,0.586569
1.839196,-1.306776,-0.474160,0.478136,0.896176,-0.483746,0.784171,0.585372
1.849246,-1.308197,-0.471954,0.479526,0.896718,-0.485940,0.783827,0.584419
1.859296,-1.309405,-0.470062,0.480685,0.897205,-0.487805,0.783566,0.583702
1.869347,-1.310338,-0.468591,0.481562,0.897600,-0.489236,0.783391,0.583218
1.879397,-1.310890,-0.467718,0.482070,0.897843,-0.490070,0.783304,0.582970
1.889447,-1.313360,-0.463990,0.484878,0.898811,-0.494502,0.782553,0.581759
1.899497,-1.315456,-0.460853,0.487343,0.899627,-0.498325,0.781894,0.580754
1.909548,-1.317307,-0.458134,0.489571,0.900344,-0.501696,0.781325,0.579921
1.919598,-1.318990,-0.455722,0.491630,0.900994,-0.504717,0.780845,0.579231
1.929648,-1.320552,-0.453552,0.493563,0.901595,-0.507450,0.780451,0.578660
1.939698,-1.322016,-0.451588,0.495388,0.902158,-0.509926,0.780138,0.578190
1.949749,-1.323387,-0.449818,0.497100,0.902685,-0.512147,0.779900,0.577807
1.959799,-1.324645,-0.448256,0.498673,0.903169,-0.514094,0.779734,0.577501
1.969849,-1.325751,-0.446934,0.500049,0.903597,-0.515716,0.779630,0.577267
1.979899,-1.326631,-0.445919,0.501136,0.903939,-0.516936,0.779577,0.577104
1.989950,-1.327165,-0.445323,0.501787,0.904149,-0.517632,0.779561,0.577017
2.000000,-1.347170,-0.343931,0.398854,1.176299,-0.530183,0.886690,0.574953
