time,left_s0,left_s1,left_e0,left_e1,left_w0,left_w1,left_w2
0.000000,-0.481670,-0.427981,0.307180,1.163908,-0.305646,0.946466,0.613592
0.010050,-0.482039,-0.426421,0.308118,1.163936,-0.303088,0.945824,0.612154
0.020101,-0.482412,-0.425133,0.308992,1.163949,-0.300618,0.945239,0.610773
0.030151,-0.482792,-0.424114,0.309788,1.163952,-0.298295,0.944751,0.609502
0.040201,-0.483179,-0.423358,0.310497,1.163946,-0.296159,0.944390,0.608376
0.050251,-0.483574,-0.422858,0.311115,1.163934,-0.294239,0.944169,0.607417
0.060302,-0.483975,-0.422598,0.311637,1.163917,-0.292554,0.944089,0.606637
0.070352,-0.484375,-0.422557,0.312065,1.163899,-0.291120,0.944140,0.606038
0.080402,-0.484764,-0.422699,0.312399,1.163879,-0.289948,0.944294,0.605610
0.090452,-0.485122,-0.422970,0.312642,1.163860,-0.289047,0.944513,0.605338
0.100503,-0.485417,-0.423290,0.312799,1.163845,-0.288431,0.944740,0.605194
0.110553,-0.485602,-0.423539,0.312874,1.163835,-0.288112,0.944900,0.605145
0.120603,-0.486893,-0.426543,0.312901,1.163592,-0.287530,0.949245,0.606335
0.130653,-0.488080,-0.429458,0.312862,1.163356,-0.287226,0.953464,0.607578
0.140704,-0.489215,-0.432385,0.312765,1.163126,-0.287164,0.957572,0.608867
0.150754,-0.490332,-0.435379,0.312620,1.162902,-0.287313,0.961558,0.610187
0.160804,-0.491449,-0.438457,0.312439,1.162684,-0.287640,0.965394,0.611515
0.170854,-0.492569,-0.441601,0.312234,1.162476,-0.288111,0.969030,0.612821
0.180905,-0.493680,-0.444753,0.312018,1.162280,-0.288684,0.972392,0.614065
0.190955,-0.494753,-0.447811,0.311806,1.162104,-0.289313,0.975386,0.615199
0.201005,-0.495736,-0.450611,0.311615,1.161954,-0.289935,0.977888,0.616166
0.211055,-0.496544,-0.452904,0.311464,1.161841,-0.290470,0.979750,0.616897
0.221106,-0.497047,-0.454322,0.311375,1.161776,-0.290811,0.980790,0.617311
0.231156,-0.500327,-0.463217,0.310708,1.160854,-0.293353,0.992303,0.620794
0.241206,-0.503302,-0.471189,0.310118,1.159989,-0.295663,1.002894,0.623916
0.251256,-0.506101,-0.478563,0.309596,1.159177,-0.297812,1.012641,0.626713
0.261307,-0.508805,-0.485537,0.309136,1.158416,-0.299840,1.021583,0.629211
0.271357,-0.511456,-0.492217,0.308736,1.157710,-0.301766,1.029724,0.631424
0.281407,-0.514062,-0.498630,0.308393,1.157062,-0.303589,1.037039,0.633356
0.291457,-0.516600,-0.504728,0.308106,1.156482,-0.305289,1.043469,0.635007
0.301508,-0.519008,-0.510384,0.307876,1.155979,-0.306831,1.048924,0.636368
0.311558,-0.521179,-0.515373,0.307704,1.155570,-0.308156,1.053284,0.637424
0.321608,-0.522939,-0.519336,0.307588,1.155272,-0.309179,1.056395,0.638156
0.331658,-0.524020,-0.521728,0.307530,1.155110,-0.309777,1.058066,0.638539
0.341709,-0.530077,-0.534356,0.308598,1.154252,-0.312776,1.073327,0.640246
0.351759,-0.535390,-0.545347,0.309795,1.153566,-0.315308,1.087095,0.641613
0.361809,-0.540153,-0.555192,0.311196,1.153065,-0.317447,1.099499,0.642674
0.371859,-0.544446,-0.564196,0.312888,1.152768,-0.319230,1.110632,0.643463
0.381910,-0.548244,-0.572527,0.314969,1.152701,-0.320653,1.120548,0.644011
0.391960,-0.551414,-0.580238,0.317560,1.152896,-0.321676,1.129275,0.644349
0.402010,-0.553694,-0.587284,0.320814,1.153393,-0.322219,1.136806,0.644513
0.412060,-0.555757,-0.593689,0.323953,1.153930,-0.322580,1.143058,0.644539
0.422111,-0.557638,-0.599256,0.326684,1.154417,-0.322826,1.147942,0.644471
0.432161,-0.559156,-0.603622,0.328812,1.154807,-0.322962,1.151350,0.644361
0.442211,-0.560073,-0.606226,0.330068,1.155042,-0.323009,1.153142,0.644269
0.452261,-0.566726,-0.619004,0.337993,1.156413,-0.323141,1.167596,0.641835
0.462312,-0.572864,-0.629981,0.344879,1.157577,-0.323232,1.180431,0.639467
0.472362,-0.578616,-0.639671,0.351007,1.158590,-0.323234,1.191793,0.637152
0.482412,-0.584069,-0.648406,0.356562,1.159488,-0.323124,1.201791,0.634891
0.492462,-0.589270,-0.656384,0.361654,1.160294,-0.322892,1.210505,0.632699
0.502513,-0.594222,-0.663703,0.366334,1.161021,-0.322544,1.217988,0.630601
0.512563,-0.598881,-0.670374,0.370602,1.161675,-0.322093,1.224272,0.628641
0.522613,-0.603151,-0.676329,0.374404,1.162252,-0.321568,1.229364,0.626874
0.532663,-0.606867,-0.681404,0.377631,1.162741,-0.321015,1.233254,0.625376
0.542714,-0.609774,-0.685317,0.380102,1.163117,-0.320507,1.235909,0.624244
0.552764,-0.611497,-0.687619,0.381542,1.163341,-0.320161,1.237276,0.623601
0.562814,-0.621633,-0.697628,0.389864,1.165009,-0.318032,1.246783,0.617575
0.572864,-0.630650,-0.706003,0.397048,1.166508,-0.316116,1.255058,0.612087
0.582915,-0.638847,-0.713195,0.403407,1.167893,-0.314287,1.262221,0.607062
0.592965,-0.646419,-0.719500,0.409148,1.169192,-0.312472,1.268371,0.602455
0.603015,-0.653480,-0.725099,0.414397,1.170422,-0.310634,1.273592,0.598243
0.613065,-0.660076,-0.730100,0.419216,1.171580,-0.308768,1.277952,0.594428
0.623116,-0.666181,-0.734544,0.423611,1.172656,-0.306898,1.281507,0.591033
0.633166,-0.671699,-0.738421,0.427534,1.173625,-0.305078,1.284302,0.588106
0.643216,-0.676448,-0.741658,0.430873,1.174452,-0.303400,1.286371,0.585720
0.653266,-0.680133,-0.744111,0.433439,1.175086,-0.302014,1.287740,0.583978
0.663317,-0.682307,-0.745535,0.434939,1.175453,-0.301148,1.288423,0.583018
0.673367,-0.694006,-0.750383,0.442850,1.181318,-0.296231,1.292242,0.575664
0.683417,-0.704219,-0.754208,0.449631,1.186860,-0.291879,1.295448,0.569117
0.693467,-0.713354,-0.757291,0.455589,1.192103,-0.287874,1.298112,0.563263
0.703518,-0.721678,-0.759818,0.460929,1.197044,-0.284086,1.300294,0.558023
0.713568,-0.729349,-0.761912,0.465781,1.201658,-0.280444,1.302049,0.553346
0.723618,-0.736438,-0.763659,0.470213,1.205902,-0.276930,1.303427,0.549205
0.733668,-0.742941,-0.765114,0.474244,1.209712,-0.273568,1.304473,0.545602
0.743719,-0.748772,-0.766311,0.477838,1.213007,-0.270431,1.305233,0.542561
0.753769,-0.753757,-0.767263,0.480902,1.215686,-0.267649,1.305746,0.540130
0.763819,-0.757604,-0.767960,0.483267,1.217629,-0.265426,1.306052,0.538387
0.773869,-0.759865,-0.768357,0.484659,1.218688,-0.264079,1.306189,0.537442
0.783920,-0.771603,-0.766750,0.488507,1.238008,-0.257034,1.308427,0.531172
0.793970,-0.782187,-0.764838,0.490882,1.256067,-0.251137,1.310391,0.525700
0.804020,-0.791946,-0.762770,0.492151,1.272781,-0.246070,1.312055,0.520912
0.814070,-0.801069,-0.760654,0.492619,1.288060,-0.241618,1.313411,0.516725
0.824121,-0.809639,-0.758572,0.492550,1.301811,-0.237633,1.314461,0.513079
0.834171,-0.817656,-0.756584,0.492170,1.313946,-0.234025,1.315225,0.509935
0.844221,-0.825050,-0.754743,0.491675,1.324374,-0.230750,1.315735,0.507273
0.854271,-0.831678,-0.753100,0.491223,1.333002,-0.227812,1.316037,0.505086
0.864322,-0.837315,-0.751712,0.490926,1.339724,-0.225275,1.316186,0.503387
0.874372,-0.841628,-0.750656,0.490828,1.344407,-0.223279,1.316239,0.502203
0.884422,-0.844134,-0.750043,0.490877,1.346874,-0.222075,1.316249,0.501579
0.894472,-0.856599,-0.745286,0.483587,1.368390,-0.217449,1.314237,0.498463
0.904523,-0.867972,-0.741242,0.475784,1.386762,-0.214065,1.311767,0.495883
0.914573,-0.878362,-0.737805,0.467985,1.402261,-0.211487,1.308942,0.493771
0.924623,-0.887844,-0.734860,0.460568,1.415192,-0.209416,1.305890,0.492067
0.934673,-0.896472,-0.732300,0.453795,1.425863,-0.207652,1.302751,0.490725
0.944724,-0.904278,-0.730041,0.447834,1.434556,-0.206080,1.299667,0.489701
0.954774,-0.911266,-0.728023,0.442792,1.441515,-0.204644,1.296777,0.488955
0.964824,-0.917391,-0.726225,0.438727,1.446932,-0.203334,1.294216,0.488450
0.974874,-0.922533,-0.724668,0.435673,1.450948,-0.202186,1.292114,0.488145
0.984925,-0.926457,-0.723432,0.433645,1.453643,-0.201274,1.290596,0.487997
0.994975,-0.928757,-0.722674,0.432642,1.455029,-0.200722,1.289783,0.487953
1.005025,-0.938403,-0.718300,0.424984,1.463766,-0.199007,1.281227,0.489561
1.015075,-0.946634,-0.714598,0.418134,1.470868,-0.197792,1.273212,0.491230
1.025126,-0.953843,-0.711301,0.412087,1.476660,-0.196927,1.265784,0.492961
1.035176,-0.960298,-0.708246,0.406798,1.481374,-0.196325,1.258972,0.494747
1.045226,-0.966178,-0.705345,0.402214,1.485180,-0.195935,1.252795,0.496565
1.055276,-0.971582,-0.702564,0.398289,1.488205,-0.195723,1.247279,0.498380
1.065327,-0.976547,-0.699910,0.394991,1.490544,-0.195662,1.242458,0.500142
1.075377,-0.981039,-0.697436,0.392304,1.492275,-0.195723,1.238386,0.501784
1.085427,-0.984946,-0.695238,0.390236,1.493467,-0.195867,1.235138,0.503216
1.095477,-0.988038,-0.693479,0.388810,1.494189,-0.196041,1.232821,0.504326
1.105528,-0.989917,-0.692407,0.388070,1.494513,-0.196176,1.231574,0.504971
1.115578,-0.997992,-0.685871,0.381442,1.497195,-0.198932,1.221147,0.511394
1.125628,-1.004909,-0.680237,0.375480,1.499119,-0.201667,1.211606,0.517294
1.135678,-1.011070,-0.675185,0.370134,1.500396,-0.204412,1.202885,0.522752
1.145729,-1.016721,-0.670527,0.365361,1.501105,-0.207182,1.194932,0.527816
1.155779,-1.022005,-0.666166,0.361135,1.501314,-0.209972,1.187716,0.532501
1.165829,-1.026988,-0.662068,0.357448,1.501091,-0.212753,1.181233,0.536795
1.175879,-1.031672,-0.658253,0.354305,1.500516,-0.215471,1.175510,0.540658
1.185930,-1.035996,-0.654791,0.351729,1.499689,-0.218036,1.170608,0.544020
1.195980,-1.039817,-0.651807,0.349751,1.498743,-0.220317,1.166633,0.546783
1.206030,-1.042885,-0.649492,0.348405,1.497853,-0.222129,1.163741,0.548813
1.216080,-1.044771,-0.648128,0.347723,1.497254,-0.223214,1.162150,0.549937
1.226131,-1.053380,-0.639467,0.340636,1.493361,-0.231188,1.150148,0.558776
1.236181,-1.060743,-0.632078,0.334388,1.489310,-0.238370,1.139221,0.566667
1.246231,-1.067310,-0.625575,0.328938,1.485113,-0.244962,1.129254,0.573740
1.256281,-1.073346,-0.619728,0.324255,1.480796,-0.251092,1.120163,0.580079
1.266332,-1.078992,-0.614405,0.320317,1.476407,-0.256826,1.111902,0.585738
1.276382,-1.084309,-0.609549,0.317106,1.472026,-0.262175,1.104463,0.590740
1.286432,-1.089291,-0.605163,0.314602,1.467771,-0.267104,1.097878,0.595078
1.296482,-1.093865,-0.601300,0.312778,1.463798,-0.271520,1.092224,0.598722
1.306533,-1.097884,-0.598068,0.311588,1.460315,-0.275275,1.087628,0.601614
1.316583,-1.101088,-0.595637,0.310955,1.457598,-0.278144,1.084275,0.603669
1.326633,-1.103045,-0.594252,0.310744,1.456003,-0.279805,1.082423,0.604772
1.336683,-1.112440,-0.585213,0.306390,1.444720,-0.290095,1.069961,0.611918
1.346734,-1.120395,-0.577533,0.302748,1.434219,-0.299069,1.058798,0.618116
1.356784,-1.127414,-0.570857,0.299848,1.424397,-0.307031,1.048762,0.623485
1.366834,-1.133790,-0.564953,0.297690,1.415207,-0.314183,1.039732,0.628118
1.376884,-1.139685,-0.559678,0.296255,1.406657,-0.320647,1.031635,0.632084
1.386935,-1.145170,-0.554956,0.295498,1.398794,-0.326485,1.024438,0.635433
1.396985,-1.150250,-0.550767,0.295347,1.391709,-0.331699,1.018151,0.638203
1.407035,-1.154864,-0.547140,0.295699,1.385538,-0.336241,1.012820,0.640417
1.417085,-1.158875,-0.544156,0.296403,1.380461,-0.340004,1.008537,0.642085
1.427136,-1.162038,-0.541949,0.297243,1.376721,-0.342812,1.005445,0.643210
1.437186,-1.163951,-0.540714,0.297897,1.374636,-0.344403,1.003753,0.643783
1.447236,-1.173111,-0.532811,0.299093,1.360074,-0.353401,0.993559,0.645990
1.457286,-1.180818,-0.526051,0.300314,1.347005,-0.361108,0.984622,0.647696
1.467337,-1.187556,-0.520166,0.301727,1.335239,-0.367810,0.976750,0.648967
1.477387,-1.193612,-0.514967,0.303414,1.324655,-0.373704,0.969806,0.649860
1.487437,-1.199151,-0.510334,0.305396,1.315190,-0.378919,0.963698,0.650429
1.497487,-1.204252,-0.506196,0.307645,1.306822,-0.383532,0.958369,0.650729
1.507538,-1.208930,-0.502532,0.310087,1.299569,-0.387573,0.953793,0.650814
1.517588,-1.213141,-0.499363,0.312603,1.293480,-0.391028,0.949974,0.650741
1.527638,-1.216768,-0.496758,0.315014,1.288646,-0.393842,0.946950,0.650571
1.537688,-1.219603,-0.494831,0.317060,1.285202,-0.395908,0.944792,0.650375
1.547739,-1.221301,-0.493752,0.318362,1.283343,-0.397060,0.943621,0.650231
1.557789,-1.228980,-0.487151,0.323728,1.271094,-0.403359,0.937286,0.647471
1.567839,-1.235409,-0.481448,0.328418,1.260343,-0.408729,0.931847,0.644831
1.577889,-1.240973,-0.476441,0.332701,1.250893,-0.413375,0.927149,0.642300
1.587940,-1.245907,-0.471987,0.336727,1.242608,-0.417440,0.923080,0.639882
1.597990,-1.250344,-0.467990,0.340567,1.235391,-0.421023,0.919563,0.637588
1.608040,-1.254345,-0.464398,0.344230,1.229182,-0.424186,0.916544,0.635444
1.618090,-1.257992,-0.461167,0.347589,1.223970,-0.426979,0.914016,0.633486
1.628141,-1.261570,-0.458194,0.350217,1.219836,-0.429495,0.912050,0.631761
1.638191,-1.264854,-0.455612,0.352180,1.216736,-0.431645,0.910601,0.630332
1.648241,-1.267563,-0.453601,0.353509,1.214654,-0.433300,0.909641,0.629276
1.658291,-1.269273,-0.452415,0.354196,1.213598,-0.434268,0.909160,0.628688
1.668342,-1.275100,-0.446268,0.357626,1.206990,-0.439170,0.906572,0.624036
1.678392,-1.279890,-0.440962,0.360500,1.201309,-0.443385,0.904391,0.619888
1.688442,-1.284027,-0.436262,0.362920,1.196449,-0.447105,0.902553,0.616185
1.698492,-1.287727,-0.432020,0.364962,1.192318,-0.450456,0.901008,0.612883
1.708543,-1.291109,-0.428143,0.366683,1.188843,-0.453517,0.899716,0.609955
1.718593,-1.294231,-0.424590,0.368124,1.185963,-0.456328,0.898645,0.607387
1.728643,-1.297112,-0.421356,0.369314,1.183628,-0.458897,0.897771,0.605178
1.738693,-1.299731,-0.418478,0.370271,1.181800,-0.461196,0.897078,0.603338
1.748744,-1.302026,-0.416036,0.371002,1.180451,-0.463162,0.896557,0.601890
1.758794,-1.303865,-0.414166,0.371506,1.179560,-0.464682,0.896204,0.600869
1.768844,-1.305005,-0.413077,0.371770,1.179116,-0.465577,0.896022,0.600325
1.778894,-1.308689,-0.407479,0.373161,1.176919,-0.470197,0.894832,0.597046
1.788945,-1.311684,-0.402658,0.374338,1.175109,-0.474194,0.893796,0.594233
1.798995,-1.314247,-0.398407,0.375342,1.173637,-0.477749,0.892892,0.591824
1.809045,-1.316526,-0.394590,0.376203,1.172456,-0.480979,0.892104,0.589767
1.819095,-1.318602,-0.391124,0.376944,1.171529,-0.483955,0.891422,0.588025
1.829146,-1.320518,-0.387970,0.377582,1.170820,-0.486709,0.890835,0.586566
1.839196,-1.322289,-0.385121,0.378128,1.170296,-0.489240,0.890341,0.585369
1.849246,-1.323908,-0.382607,0.378587,1.169929,-0.491516,0.889937,0.584416
1.859296,-1.325337,-0.380493,0.378956,1.169690,-0.493469,0.889625,0.583699
1.869347,-1.326492,-0.378889,0.379224,1.169555,-0.494980,0.889409,0.583215
1.879397,-1.327216,-0.377963,0.379374,1.169500,-0.495872,0.889296,0.582968
1.889447,-1.329645,-0.373345,0.380785,1.169782,-0.500287,0.888649,0.581757
1.899497,-1.331657,-0.369405,0.382090,1.170105,-0.504073,0.888102,0.580752
1.909548,-1.333425,-0.365976,0.383320,1.170455,-0.507405,0.887647,0.579919
1.919598,-1.335049,-0.362945,0.384495,1.170818,-0.510393,0.887274,0.579229
1.929648,-1.336582,-0.360244,0.385623,1.171181,-0.513104,0.886978,0.578658
1.939698,-1.338052,-0.357833,0.386706,1.171530,-0.515573,0.886750,0.578189
1.949749,-1.339465,-0.355702,0.387729,1.171852,-0.517805,0.886584,0.577806
1.959799,-1.340806,-0.353860,0.388668,1.172135,-0.519777,0.886473,0.577500
1.969849,-1.342034,-0.352344,0.389483,1.172367,-0.521441,0.886407,0.577266
1.979899,-1.343061,-0.351217,0.390115,1.172534,-0.522708,0.886377,0.577103
1.989950,-1.343724,-0.350580,0.390485,1.172624,-0.523444,0.886370,0.577016
2.000000,-1.347170,-0.343931,0.398854,1.176299,-0.530183,0.886690,0.574953
